  npes   npe   mpe   idm   jdm  ibig  jbig  nreg  minsea  maxsea  avesea
  1401    32    64  1440  1293    45    21     2       0     945     742

ispt(  1) =      1    46    91     0     0     0     0     0
                 0     0     0     0     0     0     0     0
                 0     0     0     0     0     0     0     0
                 0     0     0     0     0     0     0  1438
iipe(  1) =     45    45    11     0     0     0     0     0
                 0     0     0     0     0     0     0     0
                 0     0     0     0     0     0     0     0
                 0     0     0     0     0     0     0     3
ispt(  2) =      1    46    91   136     0     0     0     0
                 0     0     0     0     0     0     0     0
                 0     0     0     0     0     0     0     0
                 0     0     0     0     0     0     0  1405
iipe(  2) =     45    45    45     6     0     0     0     0
                 0     0     0     0     0     0     0     0
                 0     0     0     0     0     0     0     0
                 0     0     0     0     0     0     0    36
ispt(  3) =      1    46    91   136     0     0     0     0
                 0     0     0     0     0     0     0     0
                 0     0     0     0     0     0     0     0
                 0     0     0     0     0  1348  1351  1396
iipe(  3) =     45    45    45    34     0     0     0     0
                 0     0     0     0     0     0     0     0
                 0     0     0     0     0     0     0     0
                 0     0     0     0     0     3    45    45
ispt(  4) =      1    46    91   136   181     0     0     0
                 0     0     0     0     0     0     0     0
                 0     0     0     0     0     0     0     0
                 0     0     0     0     0  1334  1351  1396
iipe(  4) =     45    45    45    45    38     0     0     0
                 0     0     0     0     0     0     0     0
                 0     0     0     0     0     0     0     0
                 0     0     0     0     0    17    45    45
ispt(  5) =      1    46    91   136   181   226     0     0
                 0     0     0     0     0     0     0     0
                 0     0     0     0     0     0     0     0
                 0     0     0     0     0  1336  1351  1396
iipe(  5) =     45    45    45    45    45     7     0     0
                 0     0     0     0     0     0     0     0
                 0     0     0     0     0     0     0     0
                 0     0     0     0     0    15    45    45
ispt(  6) =      1    46    91   136   181   226     0     0
                 0     0     0     0     0     0     0     0
                 0     0     0     0     0     0     0     0
                 0     0     0     0     0  1336  1351  1396
iipe(  6) =     45    45    45    45    45    25     0     0
                 0     0     0     0     0     0     0     0
                 0     0     0     0     0     0     0     0
                 0     0     0     0     0    15    45    45
ispt(  7) =      1    46    91   136   181   226     0     0
                 0     0     0     0     0     0     0     0
                 0     0     0     0     0     0     0     0
                 0     0     0     0     0  1336  1351  1396
iipe(  7) =     45    45    45    45    45    42     0     0
                 0     0     0     0     0     0     0     0
                 0     0     0     0     0     0     0     0
                 0     0     0     0     0    15    45    45
ispt(  8) =      1    46    91   136   181   226   271     0
                 0     0     0     0     0     0     0     0
                 0     0     0     0     0     0     0     0
                 0     0     0  1255  1261  1306  1351  1396
iipe(  8) =     45    45    45    45    45    45    14     0
                 0     0     0     0     0     0     0     0
                 0     0     0     0     0     0     0     0
                 0     0     0     6    45    45    45    45
ispt(  9) =      1    46    91   136   181   226   271   316
                 0     0     0     0     0     0     0     0
                 0     0     0     0     0     0     0     0
                 0     0     0     0  1261  1306  1351  1396
iipe(  9) =     45    45    45    45    45    45    45    17
                 0     0     0     0     0     0     0     0
                 0     0     0     0     0     0     0     0
                 0     0     0     0    45    45    45    45
ispt( 10) =     40    46    91   136   181   226   271   316
                 0     0     0     0     0     0     0     0
                 0     0     0     0     0   975     0     0
                 0     0     0     0  1271  1306  1351  1396
iipe( 10) =      6    45    45    45    45    45    45    17
                 0     0     0     0     0     0     0     0
                 0     0     0     0     0     4     0     0
                 0     0     0     0    35    45    45    28
ispt( 11) =      0    68    91   136   181   226   271   316
                 0     0     0     0     0     0     0     0
                 0     0     0     0     0   959     0  1036
                 0     0     0     0  1271  1306  1351  1396
iipe( 11) =      0    23    45    45    45    45    45    16
                 0     0     0     0     0     0     0     0
                 0     0     0     0     0    29     0    10
                 0     0     0     0    35    45    45    26
ispt( 12) =      0    68    91   136   181   226   271   316
                 0     0     0     0     0     0     0     0
                 0     0     0     0     0   952   991  1036
                 0     0     0     0  1279  1306     0     0
iipe( 12) =      0    23    45    45    45    45    45    36
                 0     0     0     0     0     0     0     0
                 0     0     0     0     0    39    45    25
                 0     0     0     0    27    36     0     0
ispt( 13) =      0    68    91   136   181   226   271   316
                 0     0     0     0     0     0     0     0
                 0     0     0     0     0   946   991  1036
                 0     0     0     0  1280  1306  1351  1396
iipe( 13) =      0    23    45    45    45    45    45    38
                 0     0     0     0     0     0     0     0
                 0     0     0     0     0    45    45    30
                 0     0     0     0    26    45    45    33
ispt( 14) =      1    67    91   136   181   226   271   316
               361     0     0     0     0     0     0     0
                 0     0     0     0     0   946   991  1036
              1091  1137  1171  1216  1261  1306  1351  1396
iipe( 14) =      9    24    45    45    45    45    45    45
                45     0     0     0     0     0     0     0
                 0     0     0     0     0    45    45    30
                21    34    45    45    45    45    45    45
ispt( 15) =      1    54    91   136   181   226   271   316
               361   406     0     0     0     0     0     0
                 0     0     0     0     0   949   991  1036
              1081  1126  1171  1216  1261  1306  1351  1396
iipe( 15) =     31    37    45    45    45    45    45    45
                45    30     0     0     0     0     0     0
                 0     0     0     0     0    42    45    45
                45    45    45    45    45    45    45    45
ispt( 16) =      1    53    91   136   181   226   271   316
               361   406   451   496     0     0     0     0
                 0     0     0     0     0   959   991  1036
              1081  1126  1171  1216  1261  1306  1351  1396
iipe( 16) =     42    38    45    45    45    45    45    45
                45    45    45    35     0     0     0     0
                 0     0     0     0     0    32    45    45
                45    45    45    45    45    45    45    45
ispt( 17) =      1    46    91   136   181   226   271   316
               361   406   451   496     0     0     0     0
                 0     0     0     0     0   962   991  1036
              1081  1126  1171  1216  1261  1306  1351  1396
iipe( 17) =     45    45    45    45    45    45    45    45
                45    45    45    40     0     0     0     0
                 0     0     0     0     0    29    45    45
                45    45    45    45    45    45    45    45
ispt( 18) =      1    46    91   136   181   226   271   316
               361   406   451   496   541     0     0     0
                 0     0     0     0     0   963   991  1036
              1081  1126  1171  1216  1261  1306  1351  1396
iipe( 18) =     45    45    45    45    45    45    45    45
                45    45    45    45    25     0     0     0
                 0     0     0     0     0    28    45    45
                45    45    45    45    45    45    45    45
ispt( 19) =      1    46    91   136   181   226   271   316
               361   406   451   496   541   586     0   680
                 0     0     0     0     0   975   991  1036
              1081  1126  1171  1216  1261  1306  1351  1396
iipe( 19) =     45    45    45    45    45    45    45    45
                45    45    45    45    45     9     0     8
                 0     0     0     0     0    16    45    45
                45    45    45    45    45    45    45    45
ispt( 20) =      1    46    91   136   181   226   271   316
               361   406   451   496   541   586   631   676
                 0     0     0     0     0   960   991  1036
              1081  1126  1171  1216  1261  1306  1351  1396
iipe( 20) =     45    45    45    45    45    45    45    45
                45    45    45    45    45    45    45    31
                 0     0     0     0     0    31    45    45
                45    45    45    45    45    45    45    45
ispt( 21) =      1    46    91   136   181   226   271   316
               361   406   451   496   541   586   631   676
               721   795   811     0   915   946   991  1036
              1081  1126  1171  1216  1261  1306  1351  1396
iipe( 21) =     45    45    45    45    45    45    45    45
                45    45    45    45    45    45    45    45
                33    16    16     0    31    45    45    45
                45    45    45    45    45    45    45    45
ispt( 22) =      1    46    91   136   181   226   271   316
               361   406   451   496   541   586   631   676
               721   766   811   856   901   946   991  1036
              1081  1126  1171  1216  1261  1306  1351  1396
iipe( 22) =     45    45    45    45    45    45    45    45
                45    45    45    45    45    45    45    45
                45    45    45    45    45    45    45    45
                45    45    45    45    45    45    45    45
ispt( 23) =      1    46    91   136   181   226   271   316
               361   406   451   496   541   586   631   676
               721   766   811   856   901   946   991  1036
              1081  1126  1171  1216  1261  1306  1351  1396
iipe( 23) =     45    45    45    45    45    45    45    45
                45    45    45    45    45    45    45    45
                45    45    45    45    45    45    45    45
                45    45    45    45    45    45    45    45
ispt( 24) =      1    46   100   136   181   226   271   316
               361   406   451   496   541   586   631   676
               721   766   811   856   901   946   991  1036
              1081  1126  1171  1216  1261  1306  1351  1396
iipe( 24) =     45    34    36    45    45    45    45    45
                45    45    45    45    45    45    45    45
                45    45    45    45    45    45    45    45
                45    45    45    45    45    45    45    45
ispt( 25) =      1    46   108   136   181   226   271   316
               361   406   451   496   541   586   631   676
               721   766   811   856   901   946   991  1036
              1081  1126  1171  1216  1261  1306  1351  1396
iipe( 25) =     45    38    28    45    45    45    45    45
                45    45    45    45    45    45    45    45
                45    45    45    45    45    45    45    45
                45    45    45    45    45    45    45    45
ispt( 26) =      1    46   111   136   181   226   271   316
               361   406   451   496   541   586   631   676
               721   766   811   856   901   946   991  1036
              1081  1126  1171  1216  1261  1306  1351  1396
iipe( 26) =     45    42    25    45    45    45    45    45
                45    45    45    45    45    45    45    45
                45    45    45    45    45    45    45    45
                45    45    45    45    45    45    45    45
ispt( 27) =      1    46   118   136   181   226   271   316
               361   406   451   496   541   586   631   676
               721   766   811   856   901   950   991  1036
              1081  1126  1171  1216  1261  1306  1351  1396
iipe( 27) =     45    42    18    45    45    45    45    45
                45    45    45    45    45    45    45    45
                45    45    45    45    23    41    45    45
                45    45    45    45    45    45    45    45
ispt( 28) =      1    46    91   136   181   226   271   316
               361   406   451   496   541   586   631   676
               721   766   848   856     0   951   991  1036
              1081  1126  1171  1216  1261  1306  1351  1396
iipe( 28) =     45    45    45    45    45    45    45    45
                45    45    45    45    45    45    45    45
                45    16     8     9     0    40    45    45
                45    45    45    45    45    45    45    45
ispt( 29) =      1    46    91   136   181   226   271   316
               361   406   451   496   541   586   631   676
               721   766     0     0     0   946   991  1036
              1081  1126  1171  1216  1261  1306  1351  1396
iipe( 29) =     45    45    45    45    45    45    45    45
                45    45    45    45    45    45    45    45
                45    15     0     0     0    45    45    45
                45    45    45    45    45    45    45    45
ispt( 30) =      1    46    91   136   181   226   271   316
               361   406   464   496   541   586   631   676
               721   766   811   888   901   946   991  1036
              1081  1126  1171  1216  1261  1306  1351  1396
iipe( 30) =     45    45    45    45    45    45    45    45
                45     8    32    45    45    45    45    45
                45    45    13    13    45    45    45    45
                45    45    45    45    45    45    45    45
ispt( 31) =      1    46    91   145   190   226   271   316
               361     0   473   496   541   586   631   676
               721   766   811   862   901   946   991  1036
              1081  1126  1171  1216  1261  1306  1351  1396
iipe( 31) =     45    45    11    13    36    45    45    45
                41     0    23    45    45    45    45    45
                45    45    42    39    45    45    45    45
                45    45    45    45    45    45    45    45
ispt( 32) =      1    46    91     0   213   226   271   316
               361     0   479   496   541   586   631   676
               721   766   811   856   901   946   991  1036
              1081  1126  1171  1216  1261  1306  1351  1396
iipe( 32) =     45    45    11     0    13    45    45    45
                37     0    17    45    45    45    45    45
                45    45    45    45    45    45    45    45
                45    45    45    45    45    45    45    45
ispt( 33) =      1    46    91     0   223   226   271   316
               361     0   483   496   541   586   631   676
               721   766   811   856   901   946   991  1036
              1081  1126  1171  1216  1261  1306  1351  1396
iipe( 33) =     45    45     6     0     3    45    45    45
                35     0    13    45    45    45    45    45
                45    45    45    45    45    45    45    45
                45    45    45    45    45    45    45    45
ispt( 34) =      1    46   120   136     0   226   271   316
               361     0   492   496   541   586   631   676
               721   766   811   856   901   946   991  1036
              1081  1126  1171  1216  1261  1306  1351  1396
iipe( 34) =     45    28    16     7     0    45    45    45
                37     0     4    45    45    45    45    45
                45    45    45    45    45    45    45    45
                45    45    45    45    45    45    45    45
ispt( 35) =      1    46   104   136   181   226   271   316
               361     0   492   496   541   586   631   676
               721   766   811   856   901   946   991  1036
              1081  1126  1171  1216  1261  1306  1351  1396
iipe( 35) =     45    18    32    45    45    45    45    45
                31     0     4    45    45    45    45    45
                45    45    45    45    45    45    45    45
                45    45    45    45    45    45    45    45
ispt( 36) =      1    46   111   136   181   226   271   316
               361     0     0   496   541   586   631   676
               721   766   811   856   901   946   991  1036
              1081  1126  1171  1216  1261  1306  1351  1396
iipe( 36) =     45    33    25    45    45    45    45    45
                20     0     0    45    45    45    45    45
                45    45    45    45    45    45    45    45
                45    45    45    45    45    45    45    45
ispt( 37) =      1    46    91   136   181   226   271   316
               361     0     0   503   541   586   631   676
               721   766   811   856   901   946   991  1036
              1081  1126  1171  1216  1261  1306  1351  1396
iipe( 37) =     45    45    45    45    45    45    45    45
                20     0     0    38    45    45    45    45
                45    45    45    45    45    45    45    45
                45    45    45    45    45    45    45    45
ispt( 38) =      1    46    91   136   181   226   271     0
                 0     0     0   509   541   586   634   676
               721   766   811   856   901   946   991  1036
              1081  1126  1171  1216  1261  1306  1351  1396
iipe( 38) =     45    45    45    45    45    45    25     0
                 0     0     0    32    45    39    42    45
                45    45    45    45    45    45    45    45
                45    45    45    45    45    45    45    45
ispt( 39) =      1    46    91   136   181   226   271     0
                 0     0     0   516   541   586   642   676
               721   766   811   856   901   946   991  1036
              1081  1126  1171  1216  1261  1306  1351  1396
iipe( 39) =     45    45    45    45    45    45    25     0
                 0     0     0    25    45    35    34    45
                45    45    45    45    45    45    45    45
                45    45    45    45    45    45    45    45
ispt( 40) =      1    46    91   136   181   226   271     0
                 0     0     0   519   541   586   653   676
               721   766   811   856   901   946   991  1036
              1081  1126  1171  1216  1261  1306  1351  1396
iipe( 40) =     45    45    45    45    45    45    16     0
                 0     0     0    22    45    35    23    45
                45    45    45    45    45    45    45    45
                45    45    45    45    45    45    45    45
ispt( 41) =      1    46    91   136   181   226   271     0
                 0   412     0   505   541   586   631   676
               721   766   811   856   901   946   991  1036
              1081  1126  1171  1216  1261  1306  1351  1396
iipe( 41) =     45    45    45    45    45    45    31     0
                 0    32     0    36    45    45    45    45
                45    45    45    45    45    45    45    45
                45    45    45    45    45    45    45    45
ispt( 42) =      1    46    91   136   181   226   271   316
               374   406   451   496   541   586   631   676
               721   766   811   856   901   946   991  1036
              1081  1126  1171  1216  1261  1306  1351  1396
iipe( 42) =     45    45    45    45    45    45    45     3
                32    45    45    45    45    45    45    45
                45    45    45    45    45    45    45    45
                45    45    45    45    45    45    45    45
ispt( 43) =      1    46    91   136   181   226   271   316
               361   406   451   496   541   586   631   676
               726   766   811   856   901   946   991  1036
              1081  1126  1171  1216  1261  1306  1351  1396
iipe( 43) =     45    45    45    45    45    45    45    45
                45    45    45    45    45    45    45    41
                40    45    45    45    45    45    45    45
                45    45    45    45    45    45    45    45
ispt( 44) =     18    46    91   136   181   226   271   316
               361   406   451   496   541   586   631   676
               721   786   811   856   901   946   991  1036
              1081  1126  1171  1216  1261  1306  1351     0
iipe( 44) =     28    45    45    45    45    45    45    45
                45    45    45    45    45    45    45    45
                23    25    45    45    45    45    45    45
                45    45    45    45    45    45    39     0
ispt( 45) =     30    84    91   136   181   226   271   316
               361   406   451   496   541   592   631   706
               721   779   811   856   901   946   991  1036
              1081  1126  1171  1216  1261  1306  1351     0
iipe( 45) =      9     7    45    45    45    45    45    45
                45    45    45    45     3    39    16    15
                10    32    45    45    45    45    45    45
                45    45    45    45    45    45    27     0
ispt( 46) =      0     0   102   136   181   226   271   316
               361   406   451   506   541   600     0     0
                 0   779   811   856   901   946   991  1036
              1081  1126  1171  1216  1261  1306  1351     0
iipe( 46) =      0     0    34    45    45    45    45    45
                45    45    37    35    12    20     0     0
                 0    32    45    45    45    45    45    45
                45    45    45    45    45    45    14     0
ispt( 47) =      0     0   122   136   181   226   271   316
                 0   426   451   496   541     0     0     0
                 0   788   811   856   901   946   991  1036
              1081  1126  1171  1216  1261  1306  1351     0
iipe( 47) =      0     0    14    45    45    45    45    42
                 0    25    45    45    13     0     0     0
                 0    23    45    45    45    45    45    45
                45    45    45    45    45    45    11     0
ispt( 48) =      0     0   122   136   181   226   271   316
               361   441   451   496   541     0     0     0
                 0   787   811   856   901   946   991  1036
              1081  1126  1171  1216  1261  1306  1351     0
iipe( 48) =      0     0    14    45    45    45    45    45
                32    10    45    45    14     0     0     0
                 0    24    45    45    45    45    45    45
                45    45    45    45    45    45     6     0
ispt( 49) =      0     0     0   136   181   226   271   316
               361   406   481   496   541     0     0     0
                 0   791   811   856   901   946   991  1036
              1081  1126  1171  1216  1261  1306     0     0
iipe( 49) =      0     0     0    45    45    45    45    45
                45     3    15    45    11     0     0     0
                 0    20    45    45    45    45    45    45
                45    45    45    45    45    42     0     0
ispt( 50) =      0     0     0   168   181   226   271   316
               361   406   483   496     0     0     0     0
                 0   792   811   856   901   946   991  1036
              1081  1126  1171  1216  1261  1306     0     0
iipe( 50) =      0     0     0    13    45    45    45    45
                45     6    13    27     0     0     0     0
                 0    19    45    45    45    45    45    45
                45    45    45    45    45    45     0     0
ispt( 51) =      0     0     0   169   181   226   271   316
               375   406   488   496     0     0     0     0
                 0   794   811   859   901   946   991  1036
              1081  1126  1171  1216  1261  1306     0     0
iipe( 51) =      0     0     0    12    45    45    45    28
                31    16     8    14     0     0     0     0
                 0    17    37    42    45    45    45    45
                45    45    45    45    45    45     0     0
ispt( 52) =      0     0     0   173   181   240   271   316
               379   406     0     0     0     0     0     0
                 0   802   811   871   901   946   991  1036
              1081  1126  1171  1216  1261  1306  1351     0
iipe( 52) =      0     0     0     8    40    31    45    34
                27    16     0     0     0     0     0     0
                 0     9    33    30    45    45    45    45
                45    45    45    45    45    45     3     0
ispt( 53) =      0     0     0   154   181     0   287   316
                 0   417     0     0     0     0     0     0
                 0     0     0     0   908   946   991  1036
              1081  1126  1171  1216  1261  1306  1351     0
iipe( 53) =      0     0     0    27    38     0    29    39
                 0    20     0     0     0     0     0     0
                 0     0     0     0    38    45    45    45
                45    45    45    45    45    45     5     0
ispt( 54) =      0     0     0   154   181     0   299   316
               361   416     0   524     0     0     0     0
                 0     0     0     0   923   946   991  1036
              1081  1126  1171  1216  1261  1306  1351     0
iipe( 54) =      0     0     0    27    42     0    17    45
                 4    26     0    11     0     0     0     0
                 0     0     0     0    23    45    45    45
                45    45    45    45    45    45     5     0
ispt( 55) =      0     0     0   160   184   226   307   316
               361   406   487   496   541     0     0     0
                 0     0     0     0   929   946   991  1036
              1081  1126  1171  1216  1261  1306     0     0
iipe( 55) =      0     0     0    11    42     9     9    45
                45    37     9    45     3     0     0     0
                 0     0     0     0    17    45    45    45
                45    45    45    45    45    32     0     0
ispt( 56) =      0     0     0     0   205   226     0   319
               361   406   451   496   541     0     0     0
                 0     0     0     0   928   946   991  1036
              1081  1126  1171  1216  1261  1306     0     0
iipe( 56) =      0     0     0     0    21    17     0    42
                45    45    45    45    12     0     0     0
                 0     0     0     0    18    45    45    45
                45    45    45    45    45    20     0     0
ispt( 57) =      0     0     0     0   206   226     0   331
               386   406   451   496   541     0     0     0
                 0     0     0     0   927   946   991  1036
              1081  1126  1171  1216  1261  1306     0     0
iipe( 57) =      0     0     0     0    20    27     0    25
                20    45    45    45    12     0     0     0
                 0     0     0     0    19    45    45    45
                45    45    45    45    45    11     0     0
ispt( 58) =      0     0     0     0   214   226     0   324
               386   406   451   496   541     0     0     0
                 0     0     0     0     0   960     0  1068
              1081  1126     0  1219  1261     0     0     0
iipe( 58) =      0     0     0     0    12    29     0    23
                20    45    45    45     9     0     0     0
                 0     0     0     0     0    20     0    13
                45    30     0    42    38     0     0     0
ispt( 59) =      0     0     0     0   216   226   296   316
               361   406   451   496   541     0     0     0
                 0     0     0     0     0     0     0  1053
              1081  1126     0     0     0     0     0     0
iipe( 59) =      0     0     0     0    10    28    20    45
                45    45    45    45    30     0     0     0
                 0     0     0     0     0     0     0    28
                45    24     0     0     0     0     0     0
ispt( 60) =      0     0     0     0   219   226   292   316
               361   406   451   496     0     0     0     0
                 0     0     0     0     0     0  1029  1036
              1081  1126     0     0     0     0     0     0
iipe( 60) =      0     0     0     0     7    27    24    45
                45    45    45    41     0     0     0     0
                 0     0     0     0     0     0     7    45
                45    30     0     0     0     0     0     0
ispt( 61) =      0     0     0   170   181   266   271   316
               361   406   451   496     0     0     0     0
                 0     0     0     0     0     0  1024  1036
              1081  1126  1171     0     0     0     0     0
iipe( 61) =      0     0     0    11    30     5    45    45
                45    45    45    38     0     0     0     0
                 0     0     0     0     0     0    12    45
                45    45    24     0     0     0     0     0
ispt( 62) =      0     0     0   166   181   226   271   316
               361   406   451     0     0     0     0     0
                 0     0     0     0     0     0  1008  1036
              1081  1126  1171  1216     0     0     0     0
iipe( 62) =      0     0     0    15    45    45    45    45
                45    45    16     0     0     0     0     0
                 0     0     0     0     0     0    28    45
                45    45    45    14     0     0     0     0
ispt( 63) =      0     0     0   167   181   226   271   316
               361   406     0     0     0     0     0     0
                 0     0     0     0     0     0  1005  1036
              1081  1126  1171  1216     0     0     0     0
iipe( 63) =      0     0     0    14    45    45    45    45
                45    26     0     0     0     0     0     0
                 0     0     0     0     0     0    31    45
                45    45    45    16     0     0     0     0
ispt( 64) =      0     0     0     0   181   226   271   316
               361   406     0     0     0     0     0     0
                 0     0     0     0     0     0   991  1036
              1081  1126  1171  1216     0     0     0     0
iipe( 64) =      0     0     0     0    45    45    45    45
                45    45     0     0     0     0     0     0
                 0     0     0     0     0     0    45    45
                45    45    45    45     0     0     0     0
 
jspt(  1) =      1    21    41    61    81   101   121   141
               161   181   201   221   241   261   281   301
               321   341   361   381   401   421   441   461
               481   501   522   543   564   585   606   627
               648   669   690   711   732   753   774   794
               814   834   854   874   894   914   934   954
               974   994  1014  1034  1054  1074  1094  1114
              1134  1154  1174  1194  1214  1234  1254  1274
jjpe(  1) =     20    20    20    20    20    20    20    20
                20    20    20    20    20    20    20    20
                20    20    20    20    20    20    20    20
                20    21    21    21    21    21    21    21
                21    21    21    21    21    21    20    20
                20    20    20    20    20    20    20    20
                20    20    20    20    20    20    20    20
                20    20    20    20    20    20    20    20
