  npes   npe   mpe   idm   jdm  ibig  jbig  nreg  minsea  maxsea  avesea
   464     4   128  1440  1293   360    11     2       0    3960    2242

ispt(  1) =     13     0     0     0
iipe(  1) =     74     0     0     0
ispt(  2) =      1     0     0  1438
iipe(  2) =    101     0     0     3
ispt(  3) =      1     0     0  1423
iipe(  3) =    117     0     0    18
ispt(  4) =      1     0     0  1405
iipe(  4) =    141     0     0    36
ispt(  5) =      1     0     0  1381
iipe(  5) =    158     0     0    60
ispt(  6) =      1     0     0  1349
iipe(  6) =    169     0     0    92
ispt(  7) =      1     0     0  1334
iipe(  7) =    179     0     0   107
ispt(  8) =      1     0     0  1334
iipe(  8) =    218     0     0   107
ispt(  9) =      1     0     0  1339
iipe(  9) =    228     0     0   102
ispt( 10) =      1     0     0  1336
iipe( 10) =    232     0     0   105
ispt( 11) =      1     0     0  1336
iipe( 11) =    244     0     0   105
ispt( 12) =      1     0     0  1336
iipe( 12) =    250     0     0   105
ispt( 13) =      1     0     0  1336
iipe( 13) =    258     0     0   105
ispt( 14) =      1     0     0  1339
iipe( 14) =    267     0     0   102
ispt( 15) =      1     0     0  1255
iipe( 15) =    277     0     0   186
ispt( 16) =      1     0     0  1255
iipe( 16) =    284     0     0   186
ispt( 17) =      1     0     0  1263
iipe( 17) =    330     0     0   178
ispt( 18) =     29     0     0  1275
iipe( 18) =    304     0     0   151
ispt( 19) =     40     0     0  1272
iipe( 19) =    293     0     0   152
ispt( 20) =     56     0   975  1271
iipe( 20) =    275     0     4   152
ispt( 21) =     68     0   963  1271
iipe( 21) =    264     0    18   151
ispt( 22) =     68     0   959  1281
iipe( 22) =    264     0    87   127
ispt( 23) =     68     0   956  1279
iipe( 23) =    259     0   105    90
ispt( 24) =     68     0   952  1279
iipe( 24) =    284     0   109    57
ispt( 25) =     68     0   949  1280
iipe( 25) =    286     0   114   128
ispt( 26) =     68     0   948  1231
iipe( 26) =    286     0   118   198
ispt( 27) =     67   361   948  1095
iipe( 27) =    294    21   118   335
ispt( 28) =      1   361   948  1091
iipe( 28) =    360    44   117   350
ispt( 29) =      1   361   949  1081
iipe( 29) =    360    75   132   360
ispt( 30) =      1   361   952  1081
iipe( 30) =    360   126   129   360
ispt( 31) =      1   361   959  1081
iipe( 31) =    360   160   122   360
ispt( 32) =      1   361   962  1081
iipe( 32) =    360   170   119   360
ispt( 33) =      1   361   962  1081
iipe( 33) =    360   173   119   360
ispt( 34) =      1   361   962  1081
iipe( 34) =    360   198   119   360
ispt( 35) =      1   361   963  1081
iipe( 35) =    360   200   118   360
ispt( 36) =      1   361   967  1081
iipe( 36) =    360   205   114   360
ispt( 37) =      1   361   975  1081
iipe( 37) =    360   217   106   360
ispt( 38) =      1   361   987  1081
iipe( 38) =    360   327    94   360
ispt( 39) =      1   361   966  1081
iipe( 39) =    360   337   115   360
ispt( 40) =      1   361   960  1081
iipe( 40) =    360   346   121   360
ispt( 41) =      1   361   810  1081
iipe( 41) =    360   357   271   360
ispt( 42) =      1   361   721  1081
iipe( 42) =    360   360   360   360
ispt( 43) =      1   361   721  1081
iipe( 43) =    360   360   360   360
ispt( 44) =      1   361   721  1081
iipe( 44) =    360   360   360   360
ispt( 45) =      1   361   721  1081
iipe( 45) =    360   360   360   360
ispt( 46) =      1   361   721  1081
iipe( 46) =    360   360   360   360
ispt( 47) =      1   361   721  1081
iipe( 47) =    360   360   360   360
ispt( 48) =      1   361   721  1081
iipe( 48) =    360   360   360   360
ispt( 49) =      1   361   721  1081
iipe( 49) =    360   360   360   360
ispt( 50) =      1   361   721  1081
iipe( 50) =    360   360   360   360
ispt( 51) =      1   361   721  1081
iipe( 51) =    360   360   360   360
ispt( 52) =      1   361   721  1081
iipe( 52) =    360   360   360   360
ispt( 53) =      1   361   721  1081
iipe( 53) =    360   360   360   360
ispt( 54) =      1   361   721  1081
iipe( 54) =    360   360   360   360
ispt( 55) =      1   361   721  1081
iipe( 55) =    360   360   360   360
ispt( 56) =      1   361   721  1081
iipe( 56) =    360   360   360   360
ispt( 57) =      1   361   721  1081
iipe( 57) =    360   360   360   360
ispt( 58) =      1   361   721  1081
iipe( 58) =    360   360   360   360
ispt( 59) =      1   361   721  1081
iipe( 59) =    360   360   360   360
ispt( 60) =      1   361   721  1081
iipe( 60) =    360   360   360   360
ispt( 61) =      1   361   721  1081
iipe( 61) =    360   360   360   360
ispt( 62) =      1   361   721  1081
iipe( 62) =    360   360   360   360
ispt( 63) =      1   361   721  1081
iipe( 63) =    360   360   360   360
ispt( 64) =      1   361   721  1081
iipe( 64) =    360   360   360   360
ispt( 65) =      1   361   721  1081
iipe( 65) =    360   360   360   360
ispt( 66) =      1   361   721  1081
iipe( 66) =    360   360   360   360
ispt( 67) =      1   361   721  1081
iipe( 67) =    360   360   360   360
ispt( 68) =      1   361   721  1081
iipe( 68) =    360   360   360   360
ispt( 69) =      1   361   721  1081
iipe( 69) =    360   360   360   360
ispt( 70) =      1   361   721  1081
iipe( 70) =    360   360   360   360
ispt( 71) =      1   361   721  1081
iipe( 71) =    360   360   360   360
ispt( 72) =      1   361   721  1081
iipe( 72) =    360   360   360   360
ispt( 73) =      1   361   721  1081
iipe( 73) =    360   360   360   360
ispt( 74) =      1   361   721  1081
iipe( 74) =    360   360   360   360
ispt( 75) =      1   510   721  1081
iipe( 75) =    290   211   360   360
ispt( 76) =      1   509   721  1081
iipe( 76) =    295   212   360   360
ispt( 77) =      1   516   721  1081
iipe( 77) =    295   205   360   360
ispt( 78) =      1   536   721  1081
iipe( 78) =    291   185   360   360
ispt( 79) =      1   524   721  1081
iipe( 79) =    286   197   360   360
ispt( 80) =      1   519   721  1081
iipe( 80) =    284   202   360   360
ispt( 81) =      1   513   721  1081
iipe( 81) =    289   208   360   360
ispt( 82) =      1   412   721  1081
iipe( 82) =    301   309   360   360
ispt( 83) =      1   392   721  1081
iipe( 83) =    303   329   360   360
ispt( 84) =      1   374   721  1081
iipe( 84) =    317   347   360   360
ispt( 85) =      1   361   752  1081
iipe( 85) =    360   356   329   360
ispt( 86) =      4   361   726  1081
iipe( 86) =    357   353   355   315
ispt( 87) =     18   361   721  1081
iipe( 87) =    343   360   360   309
ispt( 88) =     23   361   721  1081
iipe( 88) =    338   360   360   305
ispt( 89) =     30   361   721  1081
iipe( 89) =    331   360   360   297
ispt( 90) =     91   361   779  1081
iipe( 90) =    270   272   302   289
ispt( 91) =    102   361   779  1081
iipe( 91) =    259   259   302   284
ispt( 92) =    113   364   779  1081
iipe( 92) =    221   189   302   284
ispt( 93) =    123   426   789  1081
iipe( 93) =    220   126   292   281
ispt( 94) =    122   434   788  1081
iipe( 94) =    236   120   293   278
ispt( 95) =    122   361   787  1081
iipe( 95) =    239   194   294   276
ispt( 96) =    125   361   787  1081
iipe( 96) =    236   194   294   268
ispt( 97) =    137   361   791  1081
iipe( 97) =    224   191   290   267
ispt( 98) =    171   361   792  1081
iipe( 98) =    190   190   289   267
ispt( 99) =    168   361   792  1081
iipe( 99) =    193   162   289   268
ispt(100) =    168   361   792  1081
iipe(100) =    193   154   289   269
ispt(101) =    169   375   794  1081
iipe(101) =    170   135   287   269
ispt(102) =    172   377   797  1081
iipe(102) =    172   122   284   269
ispt(103) =    173   379   802  1081
iipe(103) =    174    43   279   269
ispt(104) =    173     0   826  1081
iipe(104) =    177     0   255   273
ispt(105) =    158     0   833  1081
iipe(105) =    194     0   248   275
ispt(106) =    154   417   914  1081
iipe(106) =    201    20   167   275
ispt(107) =    154   361   923  1081
iipe(107) =    207    77   158   275
ispt(108) =    155   361   929  1081
iipe(108) =    206   174   152   273
ispt(109) =    160   361   929  1081
iipe(109) =    201   173   152   257
ispt(110) =    201   361   931  1081
iipe(110) =    160   183   150   251
ispt(111) =    205   361   929  1081
iipe(111) =    156   183   152   245
ispt(112) =    206   391   928  1081
iipe(112) =    150   162   153   241
ispt(113) =    206   388   927  1081
iipe(113) =    150   165   154   236
ispt(114) =    210   386   928  1085
iipe(114) =    145   148   120   219
ispt(115) =    214   386   960  1081
iipe(115) =    133   151   121   218
ispt(116) =    215   388  1068  1081
iipe(116) =    126   162    13   193
ispt(117) =    216   392  1067  1081
iipe(117) =    138   169    14    69
ispt(118) =    219   361  1053  1081
iipe(118) =    142   210    28    69
ispt(119) =    219   361  1037  1114
iipe(119) =    142   209    25    36
ispt(120) =    222   361  1029  1081
iipe(120) =    139   173    52    75
ispt(121) =    179   361  1024  1081
iipe(121) =    182   173    57    94
ispt(122) =    170   361  1024  1081
iipe(122) =    191   170    57   114
ispt(123) =    166   361  1011  1081
iipe(123) =    195   106    70   137
ispt(124) =    166   361  1008  1081
iipe(124) =    195    76    73   149
ispt(125) =    167   361  1007  1081
iipe(125) =    194    71    74   150
ispt(126) =    172   361  1005  1081
iipe(126) =    189    65    76   151
ispt(127) =    216   361   998  1081
iipe(127) =    145    68    83   151
ispt(128) =      1   361   721  1081
iipe(128) =    360   360   360   360
 
jspt(  1) =      1    11    21    31    41    51    61    71
                81    91   101   111   121   131   141   151
               161   171   181   191   201   211   221   231
               241   251   261   271   281   291   301   311
               321   331   341   351   361   371   381   391
               401   411   421   431   441   451   461   471
               481   491   501   511   521   531   541   551
               561   571   582   593   604   615   626   637
               648   659   670   681   692   703   714   724
               734   744   754   764   774   784   794   804
               814   824   834   844   854   864   874   884
               894   904   914   924   934   944   954   964
               974   984   994  1004  1014  1024  1034  1044
              1054  1064  1074  1084  1094  1104  1114  1124
              1134  1144  1154  1164  1174  1184  1194  1204
              1214  1224  1234  1244  1254  1264  1274  1284
jjpe(  1) =     10    10    10    10    10    10    10    10
                10    10    10    10    10    10    10    10
                10    10    10    10    10    10    10    10
                10    10    10    10    10    10    10    10
                10    10    10    10    10    10    10    10
                10    10    10    10    10    10    10    10
                10    10    10    10    10    10    10    10
                10    11    11    11    11    11    11    11
                11    11    11    11    11    11    10    10
                10    10    10    10    10    10    10    10
                10    10    10    10    10    10    10    10
                10    10    10    10    10    10    10    10
                10    10    10    10    10    10    10    10
                10    10    10    10    10    10    10    10
                10    10    10    10    10    10    10    10
                10    10    10    10    10    10    10    10
