  npes   npe   mpe   idm   jdm  ibig  jbig  nreg  minsea  maxsea  avesea
  2744    32   128  1440  1293    45    11     2       0     495     379

ispt(  1) =     13    46     0     0     0     0     0     0
                 0     0     0     0     0     0     0     0
                 0     0     0     0     0     0     0     0
                 0     0     0     0     0     0     0     0
iipe(  1) =     33    41     0     0     0     0     0     0
                 0     0     0     0     0     0     0     0
                 0     0     0     0     0     0     0     0
                 0     0     0     0     0     0     0     0
ispt(  2) =      1    46    91     0     0     0     0     0
                 0     0     0     0     0     0     0     0
                 0     0     0     0     0     0     0     0
                 0     0     0     0     0     0     0  1438
iipe(  2) =     45    45    11     0     0     0     0     0
                 0     0     0     0     0     0     0     0
                 0     0     0     0     0     0     0     0
                 0     0     0     0     0     0     0     3
ispt(  3) =      1    46    91     0     0     0     0     0
                 0     0     0     0     0     0     0     0
                 0     0     0     0     0     0     0     0
                 0     0     0     0     0     0     0  1423
iipe(  3) =     45    45    27     0     0     0     0     0
                 0     0     0     0     0     0     0     0
                 0     0     0     0     0     0     0     0
                 0     0     0     0     0     0     0    18
ispt(  4) =      1    46    91   136     0     0     0     0
                 0     0     0     0     0     0     0     0
                 0     0     0     0     0     0     0     0
                 0     0     0     0     0     0     0  1405
iipe(  4) =     45    45    45     6     0     0     0     0
                 0     0     0     0     0     0     0     0
                 0     0     0     0     0     0     0     0
                 0     0     0     0     0     0     0    36
ispt(  5) =      1    46    91   136     0     0     0     0
                 0     0     0     0     0     0     0     0
                 0     0     0     0     0     0     0     0
                 0     0     0     0     0     0  1381  1396
iipe(  5) =     45    45    45    23     0     0     0     0
                 0     0     0     0     0     0     0     0
                 0     0     0     0     0     0     0     0
                 0     0     0     0     0     0    15    45
ispt(  6) =      1    46    91   136     0     0     0     0
                 0     0     0     0     0     0     0     0
                 0     0     0     0     0     0     0     0
                 0     0     0     0     0  1348  1351  1396
iipe(  6) =     45    45    45    34     0     0     0     0
                 0     0     0     0     0     0     0     0
                 0     0     0     0     0     0     0     0
                 0     0     0     0     0     3    45    45
ispt(  7) =      1    46    91   136     0     0     0     0
                 0     0     0     0     0     0     0     0
                 0     0     0     0     0     0     0     0
                 0     0     0     0     0  1334  1351  1396
iipe(  7) =     45    45    45    45     0     0     0     0
                 0     0     0     0     0     0     0     0
                 0     0     0     0     0     0     0     0
                 0     0     0     0     0    17    45    45
ispt(  8) =      1    46    91   136   181     0     0     0
                 0     0     0     0     0     0     0     0
                 0     0     0     0     0     0     0     0
                 0     0     0     0     0  1334  1351  1396
iipe(  8) =     45    45    45    45    38     0     0     0
                 0     0     0     0     0     0     0     0
                 0     0     0     0     0     0     0     0
                 0     0     0     0     0    17    45    45
ispt(  9) =      1    46    91   136   181   226     0     0
                 0     0     0     0     0     0     0     0
                 0     0     0     0     0     0     0     0
                 0     0     0     0     0  1339  1351  1396
iipe(  9) =     45    45    45    45    45     3     0     0
                 0     0     0     0     0     0     0     0
                 0     0     0     0     0     0     0     0
                 0     0     0     0     0    12    45    45
ispt( 10) =      1    46    91   136   181   226     0     0
                 0     0     0     0     0     0     0     0
                 0     0     0     0     0     0     0     0
                 0     0     0     0     0  1336  1351  1396
iipe( 10) =     45    45    45    45    45     7     0     0
                 0     0     0     0     0     0     0     0
                 0     0     0     0     0     0     0     0
                 0     0     0     0     0    15    45    45
ispt( 11) =      1    46    91   136   181   226     0     0
                 0     0     0     0     0     0     0     0
                 0     0     0     0     0     0     0     0
                 0     0     0     0     0  1336  1351  1396
iipe( 11) =     45    45    45    45    45    19     0     0
                 0     0     0     0     0     0     0     0
                 0     0     0     0     0     0     0     0
                 0     0     0     0     0    15    45    45
ispt( 12) =      1    46    91   136   181   226     0     0
                 0     0     0     0     0     0     0     0
                 0     0     0     0     0     0     0     0
                 0     0     0     0     0  1336  1351  1396
iipe( 12) =     45    45    45    45    45    25     0     0
                 0     0     0     0     0     0     0     0
                 0     0     0     0     0     0     0     0
                 0     0     0     0     0    15    45    45
ispt( 13) =      1    46    91   136   181   226     0     0
                 0     0     0     0     0     0     0     0
                 0     0     0     0     0     0     0     0
                 0     0     0     0     0  1336  1351  1396
iipe( 13) =     45    45    45    45    45    33     0     0
                 0     0     0     0     0     0     0     0
                 0     0     0     0     0     0     0     0
                 0     0     0     0     0    15    45    45
ispt( 14) =      1    46    91   136   181   226     0     0
                 0     0     0     0     0     0     0     0
                 0     0     0     0     0     0     0     0
                 0     0     0     0     0  1339  1351  1396
iipe( 14) =     45    45    45    45    45    42     0     0
                 0     0     0     0     0     0     0     0
                 0     0     0     0     0     0     0     0
                 0     0     0     0     0    12    45    45
ispt( 15) =      1    46    91   136   181   226   271     0
                 0     0     0     0     0     0     0     0
                 0     0     0     0     0     0     0     0
                 0     0     0  1255  1261  1343  1351  1396
iipe( 15) =     45    45    45    45    45    45     7     0
                 0     0     0     0     0     0     0     0
                 0     0     0     0     0     0     0     0
                 0     0     0     6    25     8    45    45
ispt( 16) =      1    46    91   136   181   226   271     0
                 0     0     0     0     0     0     0     0
                 0     0     0     0     0     0     0     0
                 0     0     0  1255  1261  1306  1351  1396
iipe( 16) =     45    45    45    45    45    45    14     0
                 0     0     0     0     0     0     0     0
                 0     0     0     0     0     0     0     0
                 0     0     0     6    45    45    45    45
ispt( 17) =      1    46    91   136   181   226   271   316
                 0     0     0     0     0     0     0     0
                 0     0     0     0     0     0     0     0
                 0     0     0     0  1261  1306  1351  1396
iipe( 17) =     45    45    45    45    45    45    45    15
                 0     0     0     0     0     0     0     0
                 0     0     0     0     0     0     0     0
                 0     0     0     0    45    45    45    45
ispt( 18) =     29    46    91   136   181   226   271   316
                 0     0     0     0     0     0     0     0
                 0     0     0     0     0     0     0     0
                 0     0     0     0  1275  1306  1351  1396
iipe( 18) =     17    45    45    45    45    45    45    17
                 0     0     0     0     0     0     0     0
                 0     0     0     0     0     0     0     0
                 0     0     0     0    31    45    45    30
ispt( 19) =     40    46    91   136   181   226   271   316
                 0     0     0     0     0     0     0     0
                 0     0     0     0     0     0     0     0
                 0     0     0     0  1272  1306  1351  1396
iipe( 19) =      6    45    45    45    45    45    45    17
                 0     0     0     0     0     0     0     0
                 0     0     0     0     0     0     0     0
                 0     0     0     0    34    45    45    28
ispt( 20) =      0    56    91   136   181   226   271   316
                 0     0     0     0     0     0     0     0
                 0     0     0     0     0   975     0     0
                 0     0     0     0  1271  1306  1351  1396
iipe( 20) =      0    35    45    45    45    45    45    15
                 0     0     0     0     0     0     0     0
                 0     0     0     0     0     4     0     0
                 0     0     0     0    35    45    45    27
ispt( 21) =      0    68    91   136   181   226   271   316
                 0     0     0     0     0     0     0     0
                 0     0     0     0     0   963     0     0
                 0     0     0     0  1271  1306  1351  1396
iipe( 21) =      0    23    45    45    45    45    45    16
                 0     0     0     0     0     0     0     0
                 0     0     0     0     0    18     0     0
                 0     0     0     0    35    45    45    26
ispt( 22) =      0    68    91   136   181   226   271   316
                 0     0     0     0     0     0     0     0
                 0     0     0     0     0   959     0  1036
                 0     0     0     0  1281  1306  1351  1396
iipe( 22) =      0    23    45    45    45    45    45    16
                 0     0     0     0     0     0     0     0
                 0     0     0     0     0    29     0    10
                 0     0     0     0    25    45    45    12
ispt( 23) =      0    68    91   136   181   226   271   316
                 0     0     0     0     0     0     0     0
                 0     0     0     0     0   956   991  1036
                 0     0     0     0  1279  1306     0     0
iipe( 23) =      0    23    45    45    45    45    45    11
                 0     0     0     0     0     0     0     0
                 0     0     0     0     0    35    45    25
                 0     0     0     0    27    36     0     0
ispt( 24) =      0    68    91   136   181   226   271   316
                 0     0     0     0     0     0     0     0
                 0     0     0     0     0   952   991  1036
                 0     0     0     0  1279  1306     0     0
iipe( 24) =      0    23    45    45    45    45    45    36
                 0     0     0     0     0     0     0     0
                 0     0     0     0     0    39    45    25
                 0     0     0     0    27    30     0     0
ispt( 25) =      0    68    91   136   181   226   271   316
                 0     0     0     0     0     0     0     0
                 0     0     0     0     0   949   991  1036
                 0     0     0     0  1280     0  1361  1396
iipe( 25) =      0    23    45    45    45    45    45    38
                 0     0     0     0     0     0     0     0
                 0     0     0     0     0    42    45    27
                 0     0     0     0    19     0    35    12
ispt( 26) =      0    68    91   136   181   226   271   316
                 0     0     0     0     0     0     0     0
                 0     0     0     0     0   946   991  1036
                 0     0     0     0     0  1306  1351  1396
iipe( 26) =      0    23    45    45    45    45    45    38
                 0     0     0     0     0     0     0     0
                 0     0     0     0     0    45    45    30
                 0     0     0     0     0    45    45    33
ispt( 27) =      0    67    91   136   181   226   271   316
               361     0     0     0     0     0     0     0
                 0     0     0     0     0   946   991  1036
              1095     0  1190  1216  1300  1306  1351  1396
iipe( 27) =      0    24    45    45    45    45    45    45
                21     0     0     0     0     0     0     0
                 0     0     0     0     0    45    45    30
                14     0    26    28     6    45    45    34
ispt( 28) =      1    67    91   136   181   226   271   316
               361     0     0     0     0     0     0     0
                 0     0     0     0     0   946   991  1036
              1091  1137  1171  1216  1261  1306  1351  1396
iipe( 28) =      9    24    45    45    45    45    45    45
                45     0     0     0     0     0     0     0
                 0     0     0     0     0    45    45    29
                21    34    45    45    45    45    45    45
ispt( 29) =      1    64    91   136   181   226   271   316
               361   406     0     0     0     0     0     0
                 0     0     0     0     0   949   991  1036
              1081  1126  1171  1216  1261  1306  1351  1396
iipe( 29) =     12    27    45    45    45    45    45    45
                45    30     0     0     0     0     0     0
                 0     0     0     0     0    42    45    45
                45    45    45    45    45    45    45    45
ispt( 30) =      1    54    91   136   181   226   271   316
               361   406     0     0     0     0     0     0
                 0     0     0     0     0   952   991  1036
              1081  1126  1171  1216  1261  1306  1351  1396
iipe( 30) =     31    37    45    45    45    45    45    45
                45    30     0     0     0     0     0     0
                 0     0     0     0     0    39    45    45
                45    45    45    45    45    45    45    45
ispt( 31) =      1    53    91   136   181   226   271   316
               361   406   451     0     0     0     0     0
                 0     0     0     0     0   959   991  1036
              1081  1126  1171  1216  1261  1306  1351  1396
iipe( 31) =     34    38    45    45    45    45    45    45
                45    45    45     0     0     0     0     0
                 0     0     0     0     0    32    45    45
                45    45    45    45    45    45    45    45
ispt( 32) =      1    53    91   136   181   226   271   316
               361   406   451   496     0     0     0     0
                 0     0     0     0     0   962   991  1036
              1081  1126  1171  1216  1261  1306  1351  1396
iipe( 32) =     42    38    45    45    45    45    45    45
                45    45    45    35     0     0     0     0
                 0     0     0     0     0    29    45    45
                45    45    45    45    45    45    45    45
ispt( 33) =      1    46    91   136   181   226   271   316
               361   406   451   496     0     0     0     0
                 0     0     0     0     0   962   991  1036
              1081  1126  1171  1216  1261  1306  1351  1396
iipe( 33) =     45    45    45    45    45    45    45    45
                45    45    45    38     0     0     0     0
                 0     0     0     0     0    29    45    45
                45    45    45    45    45    45    45    45
ispt( 34) =      1    46    91   136   181   226   271   316
               361   406   451   496     0     0     0     0
                 0     0     0     0     0   962   991  1036
              1081  1126  1171  1216  1261  1306  1351  1396
iipe( 34) =     45    45    45    45    45    45    45    45
                45    45    45    40     0     0     0     0
                 0     0     0     0     0    29    45    45
                45    45    45    45    45    45    45    45
ispt( 35) =      1    46    91   136   181   226   271   316
               361   406   451   496   541     0     0     0
                 0     0     0     0     0   963   991  1036
              1081  1126  1171  1216  1261  1306  1351  1396
iipe( 35) =     45    45    45    45    45    45    45    45
                45    45    45    45    20     0     0     0
                 0     0     0     0     0    28    45    45
                45    45    45    45    45    45    45    45
ispt( 36) =      1    46    91   136   181   226   271   316
               361   406   451   496   541     0     0     0
                 0     0     0     0     0   967   991  1036
              1081  1126  1171  1216  1261  1306  1351  1396
iipe( 36) =     45    45    45    45    45    45    45    45
                45    45    45    45    25     0     0     0
                 0     0     0     0     0    24    45    45
                45    45    45    45    45    45    45    45
ispt( 37) =      1    46    91   136   181   226   271   316
               361   406   451   496   541     0     0     0
                 0     0     0     0     0   975   991  1036
              1081  1126  1171  1216  1261  1306  1351  1396
iipe( 37) =     45    45    45    45    45    45    45    45
                45    45    45    45    37     0     0     0
                 0     0     0     0     0    16    45    45
                45    45    45    45    45    45    45    45
ispt( 38) =      1    46    91   136   181   226   271   316
               361   406   451   496   541   586     0   680
                 0     0     0     0     0   987   991  1036
              1081  1126  1171  1216  1261  1306  1351  1396
iipe( 38) =     45    45    45    45    45    45    45    45
                45    45    45    45    45     9     0     8
                 0     0     0     0     0     4    45    45
                45    45    45    45    45    45    45    45
ispt( 39) =      1    46    91   136   181   226   271   316
               361   406   451   496   541   586   631   676
                 0     0     0     0     0   966   991  1036
              1081  1126  1171  1216  1261  1306  1351  1396
iipe( 39) =     45    45    45    45    45    45    45    45
                45    45    45    45    45    45    45    22
                 0     0     0     0     0    25    45    45
                45    45    45    45    45    45    45    45
ispt( 40) =      1    46    91   136   181   226   271   316
               361   406   451   496   541   586   631   676
                 0     0     0     0     0   960   991  1036
              1081  1126  1171  1216  1261  1306  1351  1396
iipe( 40) =     45    45    45    45    45    45    45    45
                45    45    45    45    45    45    45    31
                 0     0     0     0     0    31    45    45
                45    45    45    45    45    45    45    45
ispt( 41) =      1    46    91   136   181   226   271   316
               361   406   451   496   541   586   631   676
                 0   808   811     0   932   946   991  1036
              1081  1126  1171  1216  1261  1306  1351  1396
iipe( 41) =     45    45    45    45    45    45    45    45
                45    45    45    45    45    45    45    42
                 0     3     3     0    14    45    45    45
                45    45    45    45    45    45    45    45
ispt( 42) =      1    46    91   136   181   226   271   316
               361   406   451   496   541   586   631   676
               721   795   811     0   915   946   991  1036
              1081  1126  1171  1216  1261  1306  1351  1396
iipe( 42) =     45    45    45    45    45    45    45    45
                45    45    45    45    45    45    45    45
                33    16    16     0    31    45    45    45
                45    45    45    45    45    45    45    45
ispt( 43) =      1    46    91   136   181   226   271   316
               361   406   451   496   541   586   631   676
               721   766   811   856   901   946   991  1036
              1081  1126  1171  1216  1261  1306  1351  1396
iipe( 43) =     45    45    45    45    45    45    45    45
                45    45    45    45    45    45    45    45
                45    45    45    45    45    45    45    45
                45    45    45    45    45    45    45    45
ispt( 44) =      1    46    91   136   181   226   271   316
               361   406   451   496   541   586   631   676
               721   766   811   856   901   946   991  1036
              1081  1126  1171  1216  1261  1306  1351  1396
iipe( 44) =     45    45    45    45    45    45    45    45
                45    45    45    45    45    45    45    45
                45    45    45    45    45    45    45    45
                45    45    45    45    45    45    45    45
ispt( 45) =      1    46    91   136   181   226   271   316
               361   406   451   496   541   586   631   676
               721   766   811   856   901   946   991  1036
              1081  1126  1171  1216  1261  1306  1351  1396
iipe( 45) =     45    45    45    45    45    45    45    45
                45    45    45    45    45    45    45    45
                45    45    45    45    45    45    45    45
                45    45    45    45    45    45    45    45
ispt( 46) =      1    46    98   136   181   226   271   316
               361   406   451   496   541   586   631   676
               721   766   811   856   901   946   991  1036
              1081  1126  1171  1216  1261  1306  1351  1396
iipe( 46) =     45    34    38    45    45    45    45    45
                45    45    45    45    45    45    45    45
                45    45    45    45    45    45    45    45
                45    45    45    45    45    45    45    45
ispt( 47) =      1    46   100   136   181   226   271   316
               361   406   451   496   541   586   631   676
               721   766   811   856   901   946   991  1036
              1081  1126  1171  1216  1261  1306  1351  1396
iipe( 47) =     45    31    36    45    45    45    45    45
                45    45    45    45    45    45    45    45
                45    45    45    45    45    45    45    45
                45    45    45    45    45    45    45    45
ispt( 48) =      1    46   103   136   181   226   271   316
               361   406   451   496   541   586   631   676
               721   766   811   856   901   946   991  1036
              1081  1126  1171  1216  1261  1306  1351  1396
iipe( 48) =     45    34    33    45    45    45    45    45
                45    45    45    45    45    45    45    45
                45    45    45    45    45    45    45    45
                45    45    45    45    45    45    45    45
ispt( 49) =      1    46   108   136   181   226   271   316
               361   406   451   496   541   586   631   676
               721   766   811   856   901   946   991  1036
              1081  1126  1171  1216  1261  1306  1351  1396
iipe( 49) =     45    34    28    45    45    45    45    45
                45    45    45    45    45    45    45    45
                45    45    45    45    45    45    45    45
                45    45    45    45    45    45    45    45
ispt( 50) =      1    46   108   136   181   226   271   316
               361   406   451   496   541   586   631   676
               721   766   811   856   901   946   991  1036
              1081  1126  1171  1216  1261  1306  1351  1396
iipe( 50) =     45    38    28    45    45    45    45    45
                45    45    45    45    45    45    45    45
                45    45    45    45    45    45    45    45
                45    45    45    45    45    45    45    45
ispt( 51) =      1    46   111   136   181   226   271   316
               361   406   451   496   541   586   631   676
               721   766   811   856   901   946   991  1036
              1081  1126  1171  1216  1261  1306  1351  1396
iipe( 51) =     45    42    25    45    45    45    45    45
                45    45    45    45    45    45    45    45
                45    45    45    45    45    45    45    45
                45    45    45    45    45    45    45    45
ispt( 52) =      1    46   119   136   181   226   271   316
               361   406   451   496   541   586   631   676
               721   766   811   856   901   946   991  1036
              1081  1126  1171  1216  1261  1306  1351  1396
iipe( 52) =     45    42    17    45    45    45    45    45
                45    45    45    45    45    45    45    45
                45    45    45    45    45    45    45    45
                45    45    45    45    45    45    45    45
ispt( 53) =      1    46   118   136   181   226   271   316
               361   406   451   496   541   586   631   676
               721   766   811   856   901   950   991  1036
              1081  1126  1171  1216  1261  1306  1351  1396
iipe( 53) =     45    42    18    45    45    45    45    45
                45    45    45    45    45    45    45    45
                45    45    45    45    23    41    45    45
                45    45    45    45    45    45    45    45
ispt( 54) =      1    46   118   136   181   226   271   316
               361   406   451   496   541   586   631   676
               721   766   819   856   901   951   991  1036
              1081  1126  1171  1216  1261  1306  1351  1396
iipe( 54) =     45    41    18    45    45    45    45    45
                45    45    45    45    45    45    45    45
                45    17    37    45    23    40    45    45
                45    45    45    45    45    45    45    45
ispt( 55) =      1    46    91   136   181   226   271   316
               361   406   451   496   541   586   631   676
               721   766   843   856   913   951   991  1036
              1081  1126  1171  1216  1261  1306  1351  1396
iipe( 55) =     45    45    45    45    45    45    45    45
                45    45    45    45    45    45    45    45
                45    16    13    14     5    40    45    45
                45    45    45    45    45    45    45    45
ispt( 56) =      1    46    91   136   181   226   271   316
               361   406   451   496   541   586   631   676
               721   766     0     0     0   957   991  1036
              1081  1126  1171  1216  1261  1306  1351  1396
iipe( 56) =     45    45    45    45    45    45    45    45
                45    45    45    45    45    45    45    45
                45    13     0     0     0    34    45    45
                45    45    45    45    45    45    45    45
ispt( 57) =      1    46    91   136   181   226   271   316
               361   406   451   496   541   586   631   676
               721   766     0     0     0   956   991  1036
              1081  1126  1171  1216  1261  1306  1351  1396
iipe( 57) =     45    45    45    45    45    45    45    45
                45    45    45    45    45    45    45    45
                45    11     0     0     0    35    45    45
                45    45    45    45    45    45    45    45
ispt( 58) =      1    46    91   136   181   226   271   316
               361   406   451   496   541   586   631   676
               721   766     0     0     0   951   991  1036
              1081  1126  1171  1216  1261  1306  1351  1396
iipe( 58) =     45    45    45    45    45    45    45    45
                45    45    45    45    45    45    45    45
                45    13     0     0     0    40    45    45
                45    45    45    45    45    45    45    45
ispt( 59) =      1    46    91   136   181   226   271   316
               361   406   462   496   541   586   631   676
               721   766     0     0   937   946   991  1036
              1081  1126  1171  1216  1261  1306  1351  1396
iipe( 59) =     45    45    45    45    45    45    45    45
                45    10    34    45    45    45    45    45
                45    35     0     0     9    45    45    45
                45    45    45    45    45    45    45    45
ispt( 60) =      1    46    91   136   186   226   271   316
               361   406   469   496   541   586   631   676
               721   766   811   891   901   946   991  1036
              1081  1126  1171  1216  1261  1306  1351  1396
iipe( 60) =     45    45    45    26    40    45    45    45
                45     4    27    45    45    45    45    45
                45    45    12    10    45    45    45    45
                45    45    45    45    45    45    45    45
ispt( 61) =      1    46    91   143   190   226   271   316
               361     0   473   496   541   586   631   676
               721   766   811   874   901   946   991  1036
              1081  1126  1171  1216  1261  1306  1351  1396
iipe( 61) =     45    45    10    15    36    45    45    45
                42     0    23    45    45    45    45    45
                45    45    13    27    45    45    45    45
                45    45    45    45    45    45    45    45
ispt( 62) =      1    46    91   151   193   226   271   316
               361     0   474   496   541   586   631   676
               721   766   811   862   901   946   991  1036
              1081  1126  1171  1216  1261  1306  1351  1396
iipe( 62) =     45    45    11     7    33    45    45    45
                39     0    22    45    45    45    45    45
                45    45    42    39    45    45    45    45
                45    45    45    45    45    45    45    45
ispt( 63) =      1    46    91     0   211   226   271   316
               361     0   479   496   541   586   631   676
               721   766   811   856   901   946   991  1036
              1081  1126  1171  1216  1261  1306  1351  1396
iipe( 63) =     45    45    11     0    15    45    45    45
                38     0    17    45    45    45    45    45
                45    45    45    45    45    45    45    45
                45    45    45    45    45    45    45    45
ispt( 64) =      1    46    91     0   223   226   271   316
               361     0   479   496   541   586   631   676
               721   766   811   856   901   946   991  1036
              1081  1126  1171  1216  1261  1306  1351  1396
iipe( 64) =     45    45    10     0     3    45    45    45
                31     0    17    45    45    45    45    45
                45    45    45    45    45    45    45    45
                45    45    45    45    45    45    45    45
ispt( 65) =      1    46    91     0   223   226   271   316
               361     0   483   496   541   586   631   676
               721   766   811   856   901   946   991  1036
              1081  1126  1171  1216  1261  1306  1351  1396
iipe( 65) =     45    45     6     0     3    45    45    45
                31     0    13    45    45    45    45    45
                45    45    45    45    45    45    45    45
                45    45    45    45    45    45    45    45
ispt( 66) =      1    46     0     0     0   226   271   316
               361     0     0   499   541   586   631   676
               721   766   811   856   901   946   991  1036
              1081  1126  1171  1216  1261  1306  1351  1396
iipe( 66) =     45    36     0     0     0    45    45    45
                35     0     0    42    45    45    45    45
                45    45    45    45    45    45    45    45
                45    45    45    45    45    45    45    45
ispt( 67) =      1    46     0     0     0   226   271   316
               361     0     0   499   541   586   631   676
               721   766   811   856   901   946   991  1036
              1081  1126  1171  1216  1261  1306  1351  1396
iipe( 67) =     45    28     0     0     0    45    45    45
                37     0     0    42    45    45    45    45
                45    45    45    45    45    45    45    45
                45    45    45    45    45    45    45    45
ispt( 68) =      1    46   120   136     0   235   271   316
               361     0   492   496   541   586   631   676
               721   766   811   856   901   946   991  1036
              1081  1126  1171  1216  1261  1306  1351  1396
iipe( 68) =     45    23    16     9     0    36    45    45
                36     0     4    45    45    45    45    45
                45    45    45    45    45    45    45    45
                45    45    45    45    45    45    45    45
ispt( 69) =      1    46   104   136   181   226   271   316
               361     0   492   496   541   586   631   676
               721   766   811   856   901   946   991  1036
              1081  1126  1171  1216  1261  1306  1351  1396
iipe( 69) =     45    18    32    45    45    45    45    45
                31     0     4    45    45    45    45    45
                45    45    45    45    45    45    45    45
                45    45    45    45    45    45    45    45
ispt( 70) =      1    46   104   136   181   226   271   316
               361     0   493   496   541   586   631   676
               721   766   811   856   901   946   991  1036
              1081  1126  1171  1216  1261  1306  1351  1396
iipe( 70) =     45    18    32    45    45    45    45    45
                25     0     3    45    45    45    45    45
                45    45    45    45    45    45    45    45
                45    45    45    45    45    45    45    45
ispt( 71) =      1    46   112   136   181   226   271   316
               361     0     0   496   541   586   631   676
               721   766   811   856   901   946   991  1036
              1081  1126  1171  1216  1261  1306  1351  1396
iipe( 71) =     45    26    24    45    45    45    45    45
                20     0     0    45    45    45    45    45
                45    45    45    45    45    45    45    45
                45    45    45    45    45    45    45    45
ispt( 72) =      1    46   124   136   181   226   271   316
               361     0     0   501   541   586   631   676
               721   766   811   856   901   946   991  1036
              1081  1126  1171  1216  1261  1306  1351  1396
iipe( 72) =     45    34    12    45    45    45    45    45
                20     0     0    40    45    45    45    45
                45    45    45    45    45    45    45    45
                45    45    45    45    45    45    45    45
ispt( 73) =      1    46     0   143   181   226   271   316
               361     0     0   510   541   586   631   676
               721   766   811   856   901   946   991  1036
              1081  1126  1171  1216  1261  1306  1351  1396
iipe( 73) =     45    39     0    38    45    45    45    45
                20     0     0    31    45    45    45    45
                45    45    45    45    45    45    45    45
                45    45    45    45    45    45    45    45
ispt( 74) =      1    46    91   136   181   226   271   316
               361     0     0   523   541   586   631   676
               721   766   811   856   901   946   991  1036
              1081  1126  1171  1216  1261  1306  1351  1396
iipe( 74) =     45    45    45    45    45    45    45    45
                14     0     0    18    45    45    45    45
                45    45    45    45    45    45    45    45
                45    45    45    45    45    45    45    45
ispt( 75) =      1    46    91   136   181   226   271     0
                 0     0     0   510   541   586   635   676
               721   766   811   856   901   946   991  1036
              1081  1126  1171  1216  1261  1306  1351  1396
iipe( 75) =     45    45    45    45    45    45    20     0
                 0     0     0    31    45    38    41    45
                45    45    45    45    45    45    45    45
                45    45    45    45    45    45    45    45
ispt( 76) =      1    46    91   136   181   226   271     0
                 0     0     0   509   541   586   637   676
               721   766   811   856   901   946   991  1036
              1081  1126  1171  1216  1261  1306  1351  1396
iipe( 76) =     45    45    45    45    45    45    25     0
                 0     0     0    32    45    35    39    45
                45    45    45    45    45    45    45    45
                45    45    45    45    45    45    45    45
ispt( 77) =      1    46    91   136   181   226   271     0
                 0     0     0   516   541   586   642   676
               721   766   811   856   901   946   991  1036
              1081  1126  1171  1216  1261  1306  1351  1396
iipe( 77) =     45    45    45    45    45    45    25     0
                 0     0     0    25    45    32    34    45
                45    45    45    45    45    45    45    45
                45    45    45    45    45    45    45    45
ispt( 78) =      1    46    91   136   181   226   271     0
                 0     0     0   536   541   586   659   676
               721   766   811   856   901   946   991  1036
              1081  1126  1171  1216  1261  1306  1351  1396
iipe( 78) =     45    45    45    45    45    45    21     0
                 0     0     0     5    45    35    17    45
                45    45    45    45    45    45    45    45
                45    45    45    45    45    45    45    45
ispt( 79) =      1    46    91   136   181   226   271     0
                 0     0     0   524   541   586   654   676
               721   766   811   856   901   946   991  1036
              1081  1126  1171  1216  1261  1306  1351  1396
iipe( 79) =     45    45    45    45    45    45    16     0
                 0     0     0    17    45    35    22    45
                45    45    45    45    45    45    45    45
                45    45    45    45    45    45    45    45
ispt( 80) =      1    46    91   136   181   226   271     0
                 0     0     0   519   541   586   653   676
               721   766   811   856   901   946   991  1036
              1081  1126  1171  1216  1261  1306  1351  1396
iipe( 80) =     45    45    45    45    45    45    14     0
                 0     0     0    22    45    30    23    45
                45    45    45    45    45    45    45    45
                45    45    45    45    45    45    45    45
ispt( 81) =      1    46    91   136   181   226   271     0
                 0     0     0   513   541   586   640   676
               721   766   811   856   901   946   991  1036
              1081  1126  1171  1216  1261  1306  1351  1396
iipe( 81) =     45    45    45    45    45    45    19     0
                 0     0     0    28    45    24    36    45
                45    45    45    45    45    45    45    45
                45    45    45    45    45    45    45    45
ispt( 82) =      1    46    91   136   181   226   271     0
                 0   412     0   505   541   586   631   676
               721   766   811   856   901   946   991  1036
              1081  1126  1171  1216  1261  1306  1351  1396
iipe( 82) =     45    45    45    45    45    45    31     0
                 0    32     0    36    45    45    45    45
                45    45    45    45    45    45    45    45
                45    45    45    45    45    45    45    45
ispt( 83) =      1    46    91   136   181   226   271     0
               392   406   451   496   541   586   631   676
               721   766   811   856   901   946   991  1036
              1081  1126  1171  1216  1261  1306  1351  1396
iipe( 83) =     45    45    45    45    45    45    33     0
                14    45    45    45    45    45    45    45
                45    45    45    45    45    45    45    45
                45    45    45    45    45    45    45    45
ispt( 84) =      1    46    91   136   181   226   271   316
               374   406   451   496   541   586   631   676
               721   766   811   856   901   946   991  1036
              1081  1126  1171  1216  1261  1306  1351  1396
iipe( 84) =     45    45    45    45    45    45    45     3
                32    45    45    45    45    45    45    45
                45    45    45    45    45    45    45    45
                45    45    45    45    45    45    45    45
ispt( 85) =      1    46    91   136   181   226   271   316
               361   406   451   496   541   586   631   676
               752   766   811   856   901   946   991  1036
              1081  1126  1171  1216  1261  1306  1351  1396
iipe( 85) =     45    45    45    45    45    45    45    45
                45    45    45    45    45    45    45    41
                14    45    45    45    45    45    45    45
                45    45    45    45    45    45    45    45
ispt( 86) =      4    46    91   136   181   226   271   316
               361   406   451   496   541   586   631   676
               726   766   811   856   901   946   991  1036
              1081  1126  1171  1216  1261  1306  1351     0
iipe( 86) =     42    45    45    45    45    45    45    45
                45    45    45    45    45    45    45    38
                40    45    45    45    45    45    45    45
                45    45    45    45    45    45    45     0
ispt( 87) =     18    46    91   136   181   226   271   316
               361   406   451   496   541   586   631   676
               721   786   811   856   901   946   991  1036
              1081  1126  1171  1216  1261  1306  1351     0
iipe( 87) =     28    45    45    45    45    45    45    45
                45    45    45    45    45    45    45    45
                23    25    45    45    45    45    45    45
                45    45    45    45    45    45    39     0
ispt( 88) =     23    78    91   136   181   226   271   327
               361   406   451   496     0   590   631   676
               721   805   811   856   901   946   991  1036
              1081  1126  1171  1216  1261  1306  1351     0
iipe( 88) =     16    13    45    45    45    45    34    34
                45    45    45    36     0    41    45    45
                18     6    45    45    45    45    45    45
                45    45    45    45    45    45    35     0
ispt( 89) =     30    84    91   136   181   226   271   316
               361   406   451   496     0   592   631   706
               721   785   811   856   901   946   991  1036
              1081  1126  1171  1216  1261  1306  1351     0
iipe( 89) =      9     7    45    45    45    45    45    45
                45    45    45    40     0    39    16    15
                10    26    45    45    45    45    45    45
                45    45    45    45    45    45    27     0
ispt( 90) =      0     0    91   136   181   226   271   316
               361   406   451   496   541   597   631     0
                 0   779   818   856   901   946   991  1036
              1081  1126  1171  1216  1261  1306  1351     0
iipe( 90) =      0     0    45    45    45    45    45    45
                45    45    45    45     3    34     3     0
                 0    29    38    45    45    45    45    45
                45    45    45    45    45    45    19     0
ispt( 91) =      0     0   102   136   181   226   271   316
               361   406   451   506   541   600     0     0
                 0   779   811   856   901   946   991  1036
              1081  1126  1171  1216  1261  1306  1351     0
iipe( 91) =      0     0    34    45    45    45    45    45
                45    45    36    35    12    20     0     0
                 0    32    45    45    45    45    45    45
                45    45    45    45    45    45    14     0
ispt( 92) =      0     0   113   136   181   226   271   316
               364   413   451   506   541     0     0     0
                 0   779   811   856   901   946   991  1036
              1081  1126  1171  1216  1261  1306  1351     0
iipe( 92) =      0     0    23    45    45    45    45    18
                22    38    37    35    12     0     0     0
                 0    32    45    45    45    45    45    45
                45    45    45    45    45    45    14     0
ispt( 93) =      0     0   123   136   181   226   271   316
                 0   426   451   496   541     0     0     0
                 0   789   811   856   901   946   991  1036
              1081  1126  1171  1216  1261  1306  1351     0
iipe( 93) =      0     0    13    45    45    45    45    27
                 0    25    45    45    11     0     0     0
                 0    22    45    45    45    45    45    45
                45    45    45    45    45    45    11     0
ispt( 94) =      0     0   122   136   181   226   271   316
                 0   434   451   496   541     0     0     0
                 0   788   811   856   901   946   991  1036
              1081  1126  1171  1216  1261  1306  1351     0
iipe( 94) =      0     0    14    45    45    45    45    42
                 0    17    45    45    13     0     0     0
                 0    23    45    45    45    45    45    45
                45    45    45    45    45    45     8     0
ispt( 95) =      0     0   122   136   181   226   271   316
               361   441   451   496   541     0     0     0
                 0   787   811   856   901   946   991  1036
              1081  1126  1171  1216  1261  1306  1351     0
iipe( 95) =      0     0    14    45    45    45    45    45
                23    10    45    45    14     0     0     0
                 0    24    45    45    45    45    45    45
                45    45    45    45    45    45     6     0
ispt( 96) =      0     0   125   136   181   226   271   316
               361     0   472   496   541     0     0     0
                 0   787   811   856   901   946   991  1036
              1081  1126  1171  1216  1261  1306     0     0
iipe( 96) =      0     0    11    45    45    45    45    45
                32     0    24    45    14     0     0     0
                 0    24    45    45    45    45    45    45
                45    45    45    45    45    45     0     0
ispt( 97) =      0     0     0   136   181   226   271   316
               361   406   481   496   541     0     0     0
                 0   791   811   856   901   946   991  1036
              1081  1126  1171  1216  1261  1306     0     0
iipe( 97) =      0     0     0    45    45    45    45    45
                45     3    15    45    11     0     0     0
                 0    20    45    45    45    45    45    45
                45    45    45    45    45    42     0     0
ispt( 98) =      0     0     0   171   181   226   271   316
               361   406   483   496   541     0     0     0
                 0   792   811   856   901   946   991  1036
              1081  1126  1171  1216  1261  1306     0     0
iipe( 98) =      0     0     0    10    45    45    45    45
                45     3    13    45    10     0     0     0
                 0    19    45    45    45    45    45    45
                45    45    45    45    45    42     0     0
ispt( 99) =      0     0     0   168   181   226   271   316
               361   406   483   496     0     0     0     0
                 0   792   811   856   901   946   991  1036
              1081  1126  1171  1216  1261  1306     0     0
iipe( 99) =      0     0     0    13    45    45    45    45
                45     3    13    27     0     0     0     0
                 0    19    45    45    45    45    45    45
                45    45    45    45    45    45     0     0
ispt(100) =      0     0     0   168   181   226   271   316
               361   406   487   496     0     0     0     0
                 0   792   811   856   901   946   991  1036
              1081  1126  1171  1216  1261  1306     0     0
iipe(100) =      0     0     0    13    45    45    45    45
                45     6     9    19     0     0     0     0
                 0    19    45    45    45    45    45    45
                45    45    45    45    45    45     0     0
ispt(101) =      0     0     0   169   181   226   271   316
               375   406   488   496     0     0     0     0
                 0   794   811   859   901   946   991  1036
              1081  1126  1171  1216  1261  1306     0     0
iipe(101) =      0     0     0    12    45    45    45    23
                31    15     8    14     0     0     0     0
                 0    17    37    42    45    45    45    45
                45    45    45    45    45    45     0     0
ispt(102) =      0     0     0   172   181   226   271   316
               377   406     0   496     0     0     0     0
                 0   797   811   865   901   946   991  1036
              1081  1126  1171  1216  1261  1306     0     0
iipe(102) =      0     0     0     9    45    45    45    28
                29    16     0     3     0     0     0     0
                 0    14    29    36    45    45    45    45
                45    45    45    45    45    45     0     0
ispt(103) =      0     0     0   173   181   240   271   316
               379   406     0     0     0     0     0     0
                 0   802   811   871   901   946   991  1036
              1081  1126  1171  1216  1261  1306     0     0
iipe(103) =      0     0     0     8    40    31    45    31
                27    16     0     0     0     0     0     0
                 0     9    31    30    45    45    45    45
                45    45    45    45    45    45     0     0
ispt(104) =      0     0     0   173   181   249   271   316
                 0     0     0     0     0     0     0     0
                 0     0   826   881   901   946   991  1036
              1081  1126  1171  1216  1261  1306  1351     0
iipe(104) =      0     0     0     8    38    22    45    34
                 0     0     0     0     0     0     0     0
                 0     0    18    20    45    45    45    45
                45    45    45    45    45    45     3     0
ispt(105) =      0     0     0   158   181     0   287   316
                 0     0     0     0     0     0     0     0
                 0     0     0     0   908   946   991  1036
              1081  1126  1171  1216  1261  1306  1351     0
iipe(105) =      0     0     0    23    38     0    29    36
                 0     0     0     0     0     0     0     0
                 0     0     0     0    38    45    45    45
                45    45    45    45    45    45     5     0
ispt(106) =      0     0     0   154   181     0   289   316
                 0   417     0     0     0     0     0     0
                 0     0     0     0   914   946   991  1036
              1081  1126  1171  1216  1261  1306  1351     0
iipe(106) =      0     0     0    27    38     0    27    39
                 0    20     0     0     0     0     0     0
                 0     0     0     0    32    45    45    45
                45    45    45    45    45    45     5     0
ispt(107) =      0     0     0   154   181     0   299   316
               361   416     0     0     0     0     0     0
                 0     0     0     0   923   946   991  1036
              1081  1126  1171  1216  1261  1306  1351     0
iipe(107) =      0     0     0    27    39     0    17    45
                 3    22     0     0     0     0     0     0
                 0     0     0     0    23    45    45    45
                45    45    45    45    45    45     5     0
ispt(108) =      0     0     0   155   181     0   305   316
               361   416     0   524     0     0     0     0
                 0     0     0     0   929   946   991  1036
              1081  1126  1171  1216  1261  1306  1351     0
iipe(108) =      0     0     0    26    42     0    11    45
                 4    26     0    11     0     0     0     0
                 0     0     0     0    17    45    45    45
                45    45    45    45    45    45     3     0
ispt(109) =      0     0     0   160   184   226   307   316
               361   406     0   507     0     0     0     0
                 0     0     0     0   929   946   991  1036
              1081  1126  1171  1216  1261  1306     0     0
iipe(109) =      0     0     0    11    42     4     9    45
                45    37     0    27     0     0     0     0
                 0     0     0     0    17    45    45    45
                45    45    45    45    45    32     0     0
ispt(110) =      0     0     0     0   201   226   311   316
               361   406   487   496   541     0     0     0
                 0     0     0     0   931   946   991  1036
              1081  1126  1171  1216  1261  1306     0     0
iipe(110) =      0     0     0     0    25     9     5    45
                45    37     9    45     3     0     0     0
                 0     0     0     0    15    45    45    45
                45    45    45    45    45    26     0     0
ispt(111) =      0     0     0     0   205   226     0   319
               361   406   451   496   541     0     0     0
                 0     0     0     0   929   946   991  1036
              1081  1126  1171  1216  1261  1306     0     0
iipe(111) =      0     0     0     0    21    14     0    42
                45    45    45    45     3     0     0     0
                 0     0     0     0    17    45    45    45
                45    45    45    45    45    20     0     0
ispt(112) =      0     0     0     0   206   226     0   325
               391   406   451   496   541     0     0     0
                 0     0     0     0   928   946   991  1036
              1081  1126  1171  1216  1261  1306     0     0
iipe(112) =      0     0     0     0    20    17     0    31
                15    45    45    45    12     0     0     0
                 0     0     0     0    18    45    45    45
                45    45    45    45    45    16     0     0
ispt(113) =      0     0     0     0   206   226     0   331
               388   406   451   496   541     0     0     0
                 0     0     0     0   927   946   991  1036
              1081  1126  1171  1216  1261  1306     0     0
iipe(113) =      0     0     0     0    20    22     0    25
                18    45    45    45    12     0     0     0
                 0     0     0     0    19    45    45    45
                45    45    45    45    45    11     0     0
ispt(114) =      0     0     0     0   210   226     0   331
               386   406   451   496     0     0     0     0
                 0     0     0     0   928   946   991     0
              1085  1126  1171  1216  1261     0     0     0
iipe(114) =      0     0     0     0    16    27     0    24
                20    45    45    38     0     0     0     0
                 0     0     0     0    18    45    45     0
                41    45    45    45    45     0     0     0
ispt(115) =      0     0     0     0   214   226     0   328
               386   406   451   496     0     0     0     0
                 0     0     0     0     0   960     0     0
              1081  1126     0  1219  1261     0     0     0
iipe(115) =      0     0     0     0    12    29     0    19
                20    45    45    41     0     0     0     0
                 0     0     0     0     0    20     0     0
                45    30     0    42    38     0     0     0
ispt(116) =      0     0     0     0   215   226     0   324
               388   406   451   496   541     0     0     0
                 0     0     0     0     0     0     0  1068
              1081  1126     0  1231  1261     0     0     0
iipe(116) =      0     0     0     0    11    29     0    17
                18    45    45    45     9     0     0     0
                 0     0     0     0     0     0     0    13
                45     6     0    30    13     0     0     0
ispt(117) =      0     0     0     0   216   226     0   316
               392   406   451   496   541     0     0     0
                 0     0     0     0     0     0     0  1067
              1081  1129     0     0     0     0     0     0
iipe(117) =      0     0     0     0    10    28     0    38
                14    45    45    45    20     0     0     0
                 0     0     0     0     0     0     0    14
                25    21     0     0     0     0     0     0
ispt(118) =      0     0     0     0   219   226   296   316
               361   406   451   496   541     0     0     0
                 0     0     0     0     0     0     0  1053
              1081  1126     0     0     0     0     0     0
iipe(118) =      0     0     0     0     7    27    20    45
                45    45    45    45    30     0     0     0
                 0     0     0     0     0     0     0    28
                45    24     0     0     0     0     0     0
ispt(119) =      0     0     0     0   219   226   293   316
               361   406   451   496     0     0     0     0
                 0     0     0     0     0     0     0  1036
              1114  1126     0     0     0     0     0     0
iipe(119) =      0     0     0     0     7    27    23    45
                45    45    45    41     0     0     0     0
                 0     0     0     0     0     0     0    26
                12    24     0     0     0     0     0     0
ispt(120) =      0     0     0     0   222   226   292   316
               361   406   451   496     0     0     0     0
                 0     0     0     0     0     0  1029  1036
              1081  1126     0     0     0     0     0     0
iipe(120) =      0     0     0     0     4    22    24    45
                45    45    45    38     0     0     0     0
                 0     0     0     0     0     0     7    45
                45    30     0     0     0     0     0     0
ispt(121) =      0     0     0   178   181     0   280   316
               361   406   451   496     0     0     0     0
                 0     0     0     0     0     0  1024  1036
              1081  1126  1171     0     0     0     0     0
iipe(121) =      0     0     0     3     7     0    36    45
                45    45    45    38     0     0     0     0
                 0     0     0     0     0     0    12    45
                45    45     4     0     0     0     0     0
ispt(122) =      0     0     0   170   181   266   271   316
               361   406   451   511     0     0     0     0
                 0     0     0     0     0     0  1024  1036
              1081  1126  1171     0     0     0     0     0
iipe(122) =      0     0     0    11    30     5    45    45
                45    45    36    20     0     0     0     0
                 0     0     0     0     0     0    12    45
                45    45    24     0     0     0     0     0
ispt(123) =      0     0     0   166   181   226   271   316
               361   406   451     0     0     0     0     0
                 0     0     0     0     0     0  1011  1036
              1081  1126  1171  1216     0     0     0     0
iipe(123) =      0     0     0    15    45    45    45    45
                45    45    16     0     0     0     0     0
                 0     0     0     0     0     0    25    45
                45    45    45     3     0     0     0     0
ispt(124) =      0     0     0   166   181   226   271   316
               361   406     0     0     0     0     0     0
                 0     0     0     0     0     0  1008  1036
              1081  1126  1171  1216     0     0     0     0
iipe(124) =      0     0     0    15    45    45    45    45
                45    31     0     0     0     0     0     0
                 0     0     0     0     0     0    28    45
                45    45    45    14     0     0     0     0
ispt(125) =      0     0     0   167   181   226   271   316
               361   406     0     0     0     0     0     0
                 0     0     0     0     0     0  1007  1036
              1081  1126  1171  1216     0     0     0     0
iipe(125) =      0     0     0    14    45    45    45    45
                45    26     0     0     0     0     0     0
                 0     0     0     0     0     0    29    45
                45    45    45    15     0     0     0     0
ispt(126) =      0     0     0   172   181   226   271   316
               361   406     0     0     0     0     0     0
                 0     0     0     0     0     0  1005  1036
              1081  1126  1171  1216     0     0     0     0
iipe(126) =      0     0     0     9    45    45    45    45
                45    20     0     0     0     0     0     0
                 0     0     0     0     0     0    31    45
                45    45    45    16     0     0     0     0
ispt(127) =      0     0     0     0   216   226   271   316
               361   406     0     0     0     0     0     0
                 0     0     0     0     0     0   998  1036
              1081  1126  1171  1216     0     0     0     0
iipe(127) =      0     0     0     0    10    45    45    45
                45    23     0     0     0     0     0     0
                 0     0     0     0     0     0    38    45
                45    45    45    16     0     0     0     0
ispt(128) =      0     0     0     0   181   226   271   316
               361   406     0     0     0     0     0     0
                 0     0     0     0     0     0   991  1036
              1081  1126  1171  1216     0     0     0     0
iipe(128) =      0     0     0     0    45    45    45    45
                45    45     0     0     0     0     0     0
                 0     0     0     0     0     0    45    45
                45    45    45    45     0     0     0     0
 
jspt(  1) =      1    11    21    31    41    51    61    71
                81    91   101   111   121   131   141   151
               161   171   181   191   201   211   221   231
               241   251   261   271   281   291   301   311
               321   331   341   351   361   371   381   391
               401   411   421   431   441   451   461   471
               481   491   501   511   521   531   541   551
               561   571   582   593   604   615   626   637
               648   659   670   681   692   703   714   724
               734   744   754   764   774   784   794   804
               814   824   834   844   854   864   874   884
               894   904   914   924   934   944   954   964
               974   984   994  1004  1014  1024  1034  1044
              1054  1064  1074  1084  1094  1104  1114  1124
              1134  1144  1154  1164  1174  1184  1194  1204
              1214  1224  1234  1244  1254  1264  1274  1284
jjpe(  1) =     10    10    10    10    10    10    10    10
                10    10    10    10    10    10    10    10
                10    10    10    10    10    10    10    10
                10    10    10    10    10    10    10    10
                10    10    10    10    10    10    10    10
                10    10    10    10    10    10    10    10
                10    10    10    10    10    10    10    10
                10    11    11    11    11    11    11    11
                11    11    11    11    11    11    10    10
                10    10    10    10    10    10    10    10
                10    10    10    10    10    10    10    10
                10    10    10    10    10    10    10    10
                10    10    10    10    10    10    10    10
                10    10    10    10    10    10    10    10
                10    10    10    10    10    10    10    10
                10    10    10    10    10    10    10    10
