  npes   npe   mpe   idm   jdm  ibig  jbig  nreg  minsea  maxsea  avesea
  2864    32   128  2880  2165    90    17     2       0    1530    1281

ispt(  1) =      0     0     0     0     0     0     0     0
                 0     0     0     0     0     0     0     0
                 0     0     0     0     0     0     0     0
              2248  2251     0     0     0     0     0     0
iipe(  1) =      0     0     0     0     0     0     0     0
                 0     0     0     0     0     0     0     0
                 0     0     0     0     0     0     0     0
                 3    49     0     0     0     0     0     0
ispt(  2) =      0     0     0     0   366     0     0     0
                 0     0     0     0     0     0     0     0
                 0     0     0     0     0     0     0     0
              2177  2251     0     0     0     0     0     0
iipe(  2) =      0     0     0     0    71     0     0     0
                 0     0     0     0     0     0     0     0
                 0     0     0     0     0     0     0     0
                74    69     0     0     0     0     0     0
ispt(  3) =      0     0     0   327   361     0     0     0
                 0     0     0     0     0     0     0     0
                 0     0     0     0     0     0  2025  2130
              2161  2251     0     0     0     0     0     0
iipe(  3) =      0     0     0    34    83     0     0     0
                 0     0     0     0     0     0     0     0
                 0     0     0     0     0     0    32    31
                90    84     0     0     0     0     0     0
ispt(  4) =      0     0     0   317   361   451     0     0
                 0     0     0     0     0     0     0     0
                 0     0     0     0     0     0  2025  2071
              2161  2251  2341     0     0     0     0     0
iipe(  4) =      0     0     0    44    90     6     0     0
                 0     0     0     0     0     0     0     0
                 0     0     0     0     0     0    46    90
                90    90    50     0     0     0     0     0
ispt(  5) =      0     0     0   297   361   451     0     0
                 0     0     0     0     0     0     0     0
                 0     0     0     0     0     0  2019  2071
              2161  2251  2341     0     0     0     0     0
iipe(  5) =      0     0     0    64    90    26     0     0
                 0     0     0     0     0     0     0     0
                 0     0     0     0     0     0    52    90
                90    90    61     0     0     0     0     0
ispt(  6) =      0     0     0   285   361   451     0     0
                 0     0     0     0     0     0     0     0
                 0     0     0     0     0     0  2020  2071
              2161  2251  2341     0     0     0     0     0
iipe(  6) =      0     0     0    76    90    45     0     0
                 0     0     0     0     0     0     0     0
                 0     0     0     0     0     0    51    90
                90    90    68     0     0     0     0     0
ispt(  7) =      0     0   264   271   361   451     0     0
                 0     0     0     0     0     0     0     0
                 0     0     0     0     0     0  2019  2071
              2161  2251  2341     0     0     0     0     0
iipe(  7) =      0     0     7    90    90    59     0     0
                 0     0     0     0     0     0     0     0
                 0     0     0     0     0     0    52    90
                90    90    83     0     0     0     0     0
ispt(  8) =      0     0   242   271   361   451     0     0
                 0     0     0     0     0     0     0     0
                 0     0     0     0     0     0  2021  2071
              2161  2251  2341  2431     0     0     0     0
iipe(  8) =      0     0    29    90    90    67     0     0
                 0     0     0     0     0     0     0     0
                 0     0     0     0     0     0    50    90
                90    90    90    52     0     0     0     0
ispt(  9) =      0     0   223   271   361   451     0     0
                 0     0     0     0     0     0     0     0
                 0     0     0     0     0     0  2021  2071
              2161  2251  2341  2431     0     0  2722  2791
iipe(  9) =      0     0    48    90    90    72     0     0
                 0     0     0     0     0     0     0     0
                 0     0     0     0     0     0    50    90
                90    90    90    83     0     0    69     3
ispt( 10) =      0     0   224   271   361   451   541     0
                 0     0     0     0     0     0     0     0
                 0     0     0     0     0     0  2030  2071
              2161  2251  2341  2431  2521  2678  2701  2791
iipe( 10) =      0     0    47    90    90    90     5     0
                 0     0     0     0     0     0     0     0
                 0     0     0     0     0     0    41    90
                90    90    90    90    59    23    90     3
ispt( 11) =     43     0   231   271   361   451   541     0
                 0     0     0     0     0     0     0     0
                 0     0     0     0     0     0  2039  2071
              2161  2251  2341  2431  2521  2611  2701     0
iipe( 11) =     30     0    40    90    90    90    16     0
                 0     0     0     0     0     0     0     0
                 0     0     0     0     0     0    32    90
                90    90    90    90    90    90    90     0
ispt( 12) =     21    91   234   271   361   451   541     0
                 0     0     0     0     0     0     0     0
                 0     0     0     0     0     0  2051  2071
              2161  2251  2341  2431  2521  2611  2701     0
iipe( 12) =     70    58    37    90    90    90    23     0
                 0     0     0     0     0     0     0     0
                 0     0     0     0     0     0    20    90
                90    90    90    90    90    90    90     0
ispt( 13) =      1    91   240   271   361   451   541     0
                 0     0     0     0     0     0     0     0
                 0     0     0     0     0     0     0  2074
              2161  2251  2341  2431  2521  2611  2701  2835
iipe( 13) =     90    58    31    90    90    90    56     0
                 0     0     0     0     0     0     0     0
                 0     0     0     0     0     0     0    87
                90    90    90    90    90    90    80    46
ispt( 14) =      1    91   237   271   361   451   541     0
                 0     0     0     0     0     0     0     0
                 0     0     0     0     0     0     0  2078
              2161  2251  2341  2431  2521  2611  2701  2791
iipe( 14) =     90    48    34    90    90    90    85     0
                 0     0     0     0     0     0     0     0
                 0     0     0     0     0     0     0    83
                90    90    90    90    90    90    90    90
ispt( 15) =      1    91   235   271   361   451   541   631
                 0     0     0     0     0     0     0     0
                 0     0     0     0     0     0  2063  2071
              2161  2251  2341  2431  2521  2611  2701  2791
iipe( 15) =     90    48    36    90    90    90    90     8
                 0     0     0     0     0     0     0     0
                 0     0     0     0     0     0     8    90
                90    90    90    90    90    90    90    90
ispt( 16) =      1    91   234   271   361   451   541   631
                 0   898   901     0     0     0     0     0
                 0     0     0     0     0     0  2009  2071
              2161  2251  2341  2431  2521  2611  2701  2791
iipe( 16) =     90    51    37    90    90    90    90    70
                 0     3    28     0     0     0     0     0
                 0     0     0     0     0     0    62    90
                90    90    90    90    90    90    90    90
ispt( 17) =      1    91   228   271   361   451   541   631
               721   811   901  1011     0     0  1310     0
                 0     0     0     0     0     0  1998  2071
              2161  2251  2341  2431  2521  2611  2701  2791
iipe( 17) =     90    84    43    90    90    90    90    90
                90    90    56    29     0     0    19     0
                 0     0     0     0     0     0    73    90
                90    90    90    90    90    90    90    90
ispt( 18) =      1    91   181   271   361   451   541   631
               721   811   901   996     0     0  1300     0
                 0     0     0     0     0  1961  1981  2071
              2161  2251  2341  2431  2521  2611  2701  2791
iipe( 18) =     90    90    90    90    90    90    90    90
                90    90    83    48     0     0    46     0
                 0     0     0     0     0    20    90    90
                90    90    90    90    90    90    90    90
ispt( 19) =      1    91   181   271   361   451   541   631
               721   811   901   991     0     0  1277  1351
                 0     0     0     0     0  1896  1981  2071
              2161  2251  2341  2431  2521  2611  2701  2791
iipe( 19) =     90    90    90    90    90    90    90    90
                90    90    90    86     0     0    74    12
                 0     0     0     0     0    85    90    90
                90    90    90    90    90    90    90    90
ispt( 20) =      1    91   181   271   361   451   541   631
               721   811   901   991  1081  1189  1261  1351
                 0     0     0     0  1877  1891  1981  2071
              2161  2251  2341  2431  2521  2611  2701  2791
iipe( 20) =     90    90    90    90    90    90    90    90
                90    90    90    90    48    72    90    39
                 0     0     0     0    14    90    90    90
                90    90    90    90    90    90    90    90
ispt( 21) =      1    91   181   271   361   451   541   631
               721   811   901   991  1081  1171  1261  1351
              1441  1569  1635  1711  1811  1891  1981  2071
              2161  2251  2341  2431  2521  2611  2701  2791
iipe( 21) =     90    90    90    90    90    90    90    90
                90    90    90    90    90    90    90    90
                41    39    76    50    80    90    90    90
                90    90    90    90    90    90    90    90
ispt( 22) =      1    91   181   271   361   451   541   631
               721   811   901   991  1081  1171  1261  1351
              1441  1531  1621  1711  1801  1891  1981  2071
              2161  2251  2341  2431  2521  2611  2701  2791
iipe( 22) =     90    90    90    90    90    90    90    90
                90    90    90    90    90    90    90    90
                90    90    90    90    90    90    90    90
                90    90    90    90    90    90    90    90
ispt( 23) =      1    91   181   271   361   451   541   631
               721   811   901   991  1081  1171  1261  1351
              1441  1531  1621  1711  1801  1891  1981  2071
              2161  2251  2341  2431  2521  2611  2701  2791
iipe( 23) =     90    90    90    90    90    90    90    90
                90    90    90    90    90    90    90    90
                90    90    90    90    90    90    90    90
                90    90    90    90    90    90    90    90
ispt( 24) =      1    91   181   271   361   451   541   631
               721   811   901   991  1081  1171  1261  1351
              1441  1531  1621  1711  1801  1891  1981  2071
              2161  2251  2341  2431  2521  2611  2701  2791
iipe( 24) =     90    90    90    90    90    90    90    90
                90    90    90    90    90    90    90    90
                90    90    90    90    90    90    90    90
                90    90    90    90    90    90    90    90
ispt( 25) =      1    91   181   271   361   451   541   631
               721   811   901   991  1081  1171  1261  1351
              1441  1531  1621  1711  1801  1891  1981  2071
              2161  2251  2341  2431  2521  2611  2701  2791
iipe( 25) =     90    90    90    90    90    90    90    90
                90    90    90    90    90    90    90    90
                90    90    90    90    90    90    90    90
                90    90    90    90    90    90    90    90
ispt( 26) =      1    91   181   271   361   451   541   631
               721   811   901   991  1081  1171  1261  1351
              1441  1531  1621  1711  1801  1891  1981  2071
              2161  2251  2341  2431  2521  2611  2701  2791
iipe( 26) =     90    90    90    90    90    90    90    90
                90    90    90    90    90    90    90    90
                90    90    90    90    90    90    90    90
                90    90    90    90    90    90    90    90
ispt( 27) =      1    91   181   271   361   451   541   631
               721   811   901   991  1081  1171  1261  1351
              1441  1531  1621  1711  1801  1891  1981  2071
              2161  2251  2341  2431  2521  2611  2701  2791
iipe( 27) =     90    90    90    90    90    90    90    90
                90    90    90    90    90    90    90    90
                90    90    90    90    90    90    90    90
                90    90    90    90    90    90    90    90
ispt( 28) =      1    91   181   271   361   451   541   631
               721   811   901   991  1081  1171  1261  1351
              1441  1531  1621  1711  1801  1891  1981  2071
              2161  2251  2341  2431  2521  2611  2701  2791
iipe( 28) =     90    90    90    90    90    90    90    90
                90    90    90    90    90    90    90    90
                90    90    90    90    90    90    90    90
                90    90    90    90    90    90    90    90
ispt( 29) =      1    91   181   271   361   451   541   631
               721   811   901   991  1081  1171  1261  1351
              1441  1531  1621  1711  1801  1891  1981  2071
              2161  2251  2341  2431  2521  2611  2701  2791
iipe( 29) =     90    90    90    90    90    90    90    90
                90    90    90    90    90    90    90    90
                90    90    90    90    90    90    90    90
                90    90    90    90    90    90    90    90
ispt( 30) =      1    91   181   271   361   451   541   631
               721   811   901   991  1081  1171  1261  1351
              1441  1531  1621  1711  1801  1891  1981  2071
              2161  2251  2341  2431  2521  2611  2701  2791
iipe( 30) =     90    90    90    90    90    90    90    90
                90    90    90    90    90    90    90    90
                90    90    90    90    90    90    90    90
                90    90    90    90    90    90    90    90
ispt( 31) =      1    91   181   271   361   451   541   631
               721   811   901   991  1081  1171  1261  1351
              1441  1531  1621  1711  1801  1891  1981  2071
              2161  2251  2341  2431  2521  2611  2701  2791
iipe( 31) =     90    90    90    90    90    90    90    90
                90    90    90    90    90    90    90    90
                90    90    90    90    90    90    90    90
                90    90    90    90    90    90    90    90
ispt( 32) =      1    91   181   271   361   451   541   631
               721   811   901   991  1081  1171  1261  1351
              1441  1531  1621  1711  1801  1891  1981  2071
              2161  2251  2341  2431  2521  2611  2701  2791
iipe( 32) =     90    90    90    90    90    90    90    90
                90    90    90    90    90    90    90    90
                90    90    90    90    90    90    90    90
                90    90    90    90    90    90    90    90
ispt( 33) =      1    91   181   271   361   451   541   631
               721   811   901   991  1081  1171  1261  1351
              1441  1531  1621  1711  1801  1891  1981  2071
              2161  2251  2341  2431  2521  2611  2701  2791
iipe( 33) =     90    90    90    90    90    90    90    90
                90    90    90    90    90    90    90    90
                90    90    90    90    90    90    90    90
                90    90    90    90    90    90    90    90
ispt( 34) =      1    91   181   271   361   451   541   631
               721   811   901   991  1081  1171  1261  1351
              1441  1531  1621  1711  1801  1891  1981  2071
              2161  2251  2341  2431  2521  2611  2701  2791
iipe( 34) =     90    90    90    90    90    90    90    90
                90    90    90    90    90    90    90    90
                90    90    90    90    90    90    90    90
                90    90    90    90    90    90    90    90
ispt( 35) =      1    91   181   271   361   451   541   631
               721   811   901   991  1081  1171  1261  1351
              1441  1531  1621  1711  1801  1891  1981  2071
              2161  2251  2341  2431  2521  2611  2701  2791
iipe( 35) =     90    90    90    90    90    90    90    90
                90    90    90    90    90    90    90    90
                90    90    90    90    90    90    90    90
                90    90    90    90    90    90    90    90
ispt( 36) =      1    91   181   271   361   451   541   631
               721   811   901   991  1081  1171  1261  1351
              1441  1531  1621  1711  1801  1891  1981  2071
              2161  2251  2341  2431  2521  2611  2701  2791
iipe( 36) =     90    90    90    90    90    90    90    90
                90    90    90    90    90    90    90    90
                90    90    90    90    90    90    90    90
                90    90    90    90    90    90    90    90
ispt( 37) =      1    91   181   271   361   451   541   631
               721   811   901   991  1081  1171  1261  1351
              1441  1531  1621  1711  1801  1891  1981  2071
              2161  2251  2341  2431  2521  2611  2701  2791
iipe( 37) =     90    90    90    90    90    90    90    90
                90    90    90    90    90    90    90    90
                90    90    90    90    90    90    90    90
                90    90    90    90    90    90    90    90
ispt( 38) =      1    91   181   271   361   451   541   631
               721   811   901   991  1081  1171  1261  1351
              1441  1531  1621  1711  1801  1891  1981  2071
              2161  2251  2341  2431  2521  2611  2701  2791
iipe( 38) =     90    90    90    90    90    90    90    90
                90    90    90    90    90    90    90    90
                90    90    90    90    90    90    90    90
                90    90    90    90    90    90    90    90
ispt( 39) =      1    91   181   271   361   451   541   631
               721   811   901   991  1081  1171  1261  1351
              1441  1531  1621  1711  1801  1891  1981  2071
              2161  2251  2341  2431  2521  2611  2701  2791
iipe( 39) =     90    90    90    90    90    90    90    90
                90    90    90    90    90    90    90    90
                90    90    90    90    90    90    90    90
                90    90    90    90    90    90    90    90
ispt( 40) =      1    91   181   271   361   451   541   631
               721   811   901   991  1081  1171  1261  1351
              1441  1531  1621  1711  1801  1891  1981  2082
              2161  2251  2341  2431  2521  2611  2701  2791
iipe( 40) =     90    90    90    90    90    90    90    90
                90    90    90    90    90    90    90    90
                90    90    90    90    90    90    87    79
                90    90    90    90    90    90    90    90
ispt( 41) =      1    91   197   271   361   451   541   631
               721   811   901   991  1081  1171  1261  1351
              1441  1531  1621  1711  1801  1891  1981  2071
              2161  2251  2341  2431  2521  2611  2701  2791
iipe( 41) =     90    48    74    90    90    90    90    90
                90    90    90    90    90    90    90    90
                90    90    90    90    90    90    90    90
                90    90    90    90    90    90    90    90
ispt( 42) =      1    91   199   271   361   451   541   631
               721   811   901   991  1081  1171  1261  1351
              1441  1531  1621  1711  1801  1891  1981  2071
              2161  2251  2341  2431  2521  2611  2701  2791
iipe( 42) =     90    50    72    90    90    90    90    90
                90    90    90    90    90    90    90    90
                90    90    90    90    90    90    90    90
                90    90    90    90    90    90    90    90
ispt( 43) =      1    91   199   271   361   451   541   631
               721   811   901   991  1081  1171  1261  1351
              1441  1531  1621  1711  1801  1891  1981  2071
              2161  2251  2341  2431  2521  2611  2701  2791
iipe( 43) =     90    48    72    90    90    90    90    90
                90    90    90    90    90    90    90    90
                90    90    90    90    90    90    90    90
                90    90    90    90    90    90    90    90
ispt( 44) =      1    91   221   271   361   451   541   631
               721   811   901   991  1081  1171  1261  1351
              1441  1531  1621  1711  1801  1891  1981  2071
              2161  2251  2341  2431  2521  2611  2701  2791
iipe( 44) =     90    45    50    90    90    90    90    90
                90    90    90    90    90    90    90    90
                90    90    90    90    90    90    90    90
                90    90    90    90    90    90    90    90
ispt( 45) =      1    91   259   271   361   451   541   631
               721   811   901   991  1081  1171  1261  1351
              1441  1531  1621  1711  1801  1899  1981  2071
              2161  2251  2341  2431  2521  2611  2701  2791
iipe( 45) =     90    49    12    90    90    90    90    90
                90    90    90    90    90    90    90    90
                90    90    90    90    82    82    90    90
                90    90    90    90    90    90    90    90
ispt( 46) =      1    91   252   271   361   451   541   631
               721   811   901   991  1081  1171  1261  1351
              1441  1531  1621  1711  1801  1920  1981  2071
              2161  2251  2341  2431  2521  2611  2701  2791
iipe( 46) =     90    55    19    90    90    90    90    90
                90    90    90    90    90    90    90    90
                90    90    90    90    39    61    90    90
                90    90    90    90    90    90    90    90
ispt( 47) =      1    91   252   271   361   451   541   631
               721   811   901   991  1081  1171  1261  1351
              1441  1531  1621  1711  1801  1926  1981  2071
              2161  2251  2341  2431  2521  2611  2701  2791
iipe( 47) =     90    59    19    90    90    90    90    90
                90    90    90    90    90    90    90    90
                90    90    90    90    29    55    90    90
                90    90    90    90    90    90    90    90
ispt( 48) =      1    91     0   298   361   451   541   631
               721   811   943   991  1081  1171  1261  1351
              1441  1531  1621  1714     0  1934  1981  2071
              2161  2251  2341  2431  2521  2611  2701  2791
iipe( 48) =     90    59     0    63    90    90    90    90
                90    58    48    90    90    90    90    90
                90    90    27    82     0    47    90    90
                90    90    90    90    90    90    90    90
ispt( 49) =      1    91     0   307   361   451   541   631
               721   811   961   991  1081  1171  1261  1351
              1441  1531  1621     0     0  1944  1981  2071
              2161  2251  2341  2431  2521  2611  2701  2791
iipe( 49) =     90    60     0    54    90    90    90    90
                90    53    30    90    90    90    90    90
                90    90    24     0     0    37    90    90
                90    90    90    90    90    90    90    90
ispt( 50) =      1    91     0   322   361   451   541   631
               721   811   971   991  1081  1171  1261  1351
              1441  1531  1621     0     0  1944  1981  2071
              2161  2251  2341  2431  2521  2611  2701  2791
iipe( 50) =     90    64     0    39    90    90    90    90
                90    46    20    90    90    90    90    90
                90    90    21     0     0    37    90    90
                90    90    90    90    90    90    90    90
ispt( 51) =      1    91     0   331   361   451   541   631
               721   811   981   991  1081  1171  1261  1351
              1441  1531  1621     0     0  1941  1981  2071
              2161  2251  2341  2431  2521  2611  2701  2791
iipe( 51) =     90    67     0    30    90    90    90    90
                90    35    10    90    90    90    90    90
                90    90    15     0     0    40    90    90
                90    90    90    90    90    90    90    90
ispt( 52) =      1    91     0   333   361   451   541   631
               721   811   983   991  1081  1171  1261  1351
              1441  1531  1621     0     0  1926  1981  2071
              2161  2251  2341  2431  2521  2611  2701  2791
iipe( 52) =     90    68     0    28    90    90    90    90
                90    30     8    90    90    90    90    90
                90    90    13     0     0    55    90    90
                90    90    90    90    90    90    90    90
ispt( 53) =      1    91     0   354   361   451   541   631
               721   811     0  1001  1101  1171  1261  1351
              1441  1531  1621     0     0  1914  1981  2071
              2161  2251  2341  2431  2521  2611  2701  2791
iipe( 53) =     90    70     0     7    90    90    90    90
                90    28     0    71    70    90    90    90
                90    90    29     0     0    67    90    90
                90    90    90    90    90    90    90    90
ispt( 54) =      1    91     0     0   392   451   541   631
               721   811     0   998  1106  1171  1261  1351
              1441  1531  1621     0     0  1891  1981  2071
              2161  2251  2341  2431  2521  2611  2701  2791
iipe( 54) =     90    70     0     0    59    90    90    90
                90    23     0    80    65    90    90    90
                90    90    72     0     0    90    90    90
                90    90    90    90    90    90    90    90
ispt( 55) =      1    91     0     0   400   451   541   631
               721   811     0  1000  1111  1171  1261  1351
              1441  1531  1621     0  1833  1891  1981  2071
              2161  2251  2341  2431  2521  2611  2701  2791
iipe( 55) =     90    70     0     0    51    90    90    90
                90    14     0    77    60    90    90    90
                90    90    90     0    58    90    90    90
                90    90    90    90    90    90    90    90
ispt( 56) =      1    91     0     0   406   451   541   631
               721   811     0  1018  1081  1171  1261  1351
              1441  1531  1621  1711  1806  1891  1981  2071
              2161  2251  2341  2431  2521  2611  2701  2791
iipe( 56) =     90    61     0     0    45    90    90    90
                90     8     0    63    90    90    90    90
                90    90    90    48    85    90    90    90
                90    90    90    90    90    90    90    90
ispt( 57) =      1    91     0     0   408   451   541   631
               721   811     0  1043  1081  1171  1261  1351
              1441  1531  1621  1711  1801  1891  1981  2071
              2161  2251  2341  2431  2521  2611  2701  2791
iipe( 57) =     90    35     0     0    43    90    90    90
                90    14     0    38    90    90    90    90
                90    90    90    90    90    90    90    90
                90    90    90    90    90    90    90    90
ispt( 58) =      1    91     0     0   408   451   541   631
               721   811     0  1044  1081  1171  1261  1351
              1441  1531  1621  1711  1801  1891  1981  2071
              2161  2251  2341  2431  2521  2611  2701  2791
iipe( 58) =     90    21     0     0    43    90    90    90
                90    22     0    37    90    90    90    90
                90    90    90    90    90    90    90    90
                90    90    90    90    90    90    90    90
ispt( 59) =      1    91     0     0   421   451   541   631
               721   811     0  1036  1081  1171  1261  1351
              1441  1531  1621  1711  1801  1891  1981  2071
              2161  2251  2341  2431  2521  2611  2701  2791
iipe( 59) =     90    13     0     0    30    90    90    90
                90    22     0    45    90    90    90    90
                90    90    90    90    90    90    90    90
                90    90    90    90    90    90    90    90
ispt( 60) =      1    91     0     0   436   451   541   631
               721   811     0  1034  1081  1171  1261  1351
              1441  1531  1621  1711  1801  1891  1981  2071
              2161  2251  2341  2431  2521  2611  2701  2791
iipe( 60) =     90     4     0     0    15    90    90    90
                90    18     0    47    90    90    90    90
                90    90    90    90    90    90    90    90
                90    90    90    90    90    90    90    90
ispt( 61) =      1     0     0     0   420   451   541   631
               721   811     0  1030  1081  1171  1261  1351
              1441  1531  1621  1711  1801  1891  1981  2071
              2161  2251  2341  2431  2521  2611  2701  2791
iipe( 61) =     84     0     0     0    31    90    90    90
                90    14     0    51    90    90    90    90
                90    90    90    90    90    90    90    90
                90    90    90    90    90    90    90    90
ispt( 62) =      1     0     0     0   361   451   541   631
               721   811     0  1033  1081  1171  1261  1351
              1441  1531  1621  1711  1801  1891  1981  2071
              2161  2251  2341  2431  2521  2611  2701  2791
iipe( 62) =     82     0     0     0    90    90    90    90
                90     8     0    48    90    90    90    90
                90    90    90    90    90    90    90    90
                90    90    90    90    90    90    90    90
ispt( 63) =      1     0     0   332   361   451   541   631
               721     0     0  1041  1081  1171  1261  1351
              1441  1531  1624  1711  1801  1891  1981  2071
              2161  2251  2341  2431  2521  2611  2701  2791
iipe( 63) =     82     0     0    29    90    90    90    90
                85     0     0    40    90    90    90    90
                90    85    87    90    90    90    90    90
                90    90    90    90    90    90    90    90
ispt( 64) =      1    91     0   319   361   451   541   631
               721     0     0  1056  1081  1171  1261  1351
              1441  1534  1657  1711  1801  1891  1981  2071
              2161  2251  2341  2431  2521  2611  2701  2791
iipe( 64) =     90     3     0    42    90    90    90    90
                78     0     0    25    90    90    90    90
                84    76    54    90    90    90    90    90
                90    90    90    90    90    90    90    90
ispt( 65) =      1    91     0   311   361   451   541   631
               721     0     0  1072  1081  1171  1261  1351
              1441  1531  1621  1711  1801  1891  1981  2071
              2161  2251  2341  2431  2521  2611  2701  2791
iipe( 65) =     90    13     0    50    90    90    90    90
                80     0     0     9    90    90    90    90
                90    90    90    90    90    90    90    90
                90    90    90    90    90    90    90    90
ispt( 66) =      1    91   265   271   361   451   541   631
               721     0     0     0  1095  1171  1261  1351
              1441  1531  1621  1711  1801  1891  1981  2071
              2161  2251  2341  2431  2521  2611  2701  2791
iipe( 66) =     90    13     6    90    90    90    90    90
                80     0     0     0    76    90    90    90
                90    90    90    90    90    90    90    90
                90    90    90    90    90    90    90    90
ispt( 67) =      1    91   247   271   361   451   541   631
               721     0     0     0  1108  1171  1261  1351
              1441  1531  1621  1711  1801  1891  1981  2071
              2161  2251  2341  2431  2521  2611  2701  2791
iipe( 67) =     90    16    24    90    90    90    90    90
                44     0     0     0    63    90    90    90
                90    90    90    90    90    90    90    90
                90    90    90    90    90    90    90    90
ispt( 68) =      1    91   195   271   361   451   541     0
                 0     0     0     0  1118  1171  1261  1351
              1441  1531  1621  1711  1801  1891  1981  2071
              2161  2251  2341  2431  2521  2611  2701  2791
iipe( 68) =     90    63    76    90    90    90    81     0
                 0     0     0     0    53    90    90    90
                90    90    90    90    90    90    90    90
                90    90    90    90    90    90    90    90
ispt( 69) =      1    91   181   271   361   451   541     0
                 0     0     0  1064  1081  1171  1261  1351
              1441  1531  1621  1711  1801  1891  1981  2071
              2161  2251  2341  2431  2521  2611  2701  2791
iipe( 69) =     90    90    90    90    90    90    72     0
                 0     0     0    17    90    90    90    90
                90    90    90    90    90    90    90    90
                90    90    90    90    90    90    90    90
ispt( 70) =      1    91   181   271   361   451   541     0
                 0     0     0  1052  1081  1171  1261  1358
              1441  1531  1621  1711  1801  1891  1981  2071
              2161  2251  2341  2431  2521  2611  2701  2791
iipe( 70) =     90    90    90    90    90    90    57     0
                 0     0     0    29    90    90    65    83
                90    90    90    90    90    90    90    90
                90    90    90    90    90    90    90    90
ispt( 71) =      1    91   181   271   361   451   541     0
                 0     0     0  1034  1100  1171  1261  1361
              1441  1583  1621  1711  1801  1891  1981  2071
              2161  2251  2341  2431  2521  2611  2701  2791
iipe( 71) =     90    90    90    90    90    90    49     0
                 0     0     0    34    71    90    58    80
                67    38    90    90    90    90    90    90
                90    90    90    90    90    90    90    90
ispt( 72) =      9    91   181   271   361   451   541     0
                 0     0     0  1025  1137  1171  1261  1363
              1441  1569  1621  1711  1801  1891  1981  2071
              2161  2251  2341  2431  2521  2611  2701  2791
iipe( 72) =     82    90    90    90    90    90    55     0
                 0     0     0    40    34    90    50    78
                63    52    90    90    90    90    90    90
                90    90    90    90    90    90    90    80
ispt( 73) =     14    91   181   271   361   451   541     0
                 0     0     0  1018  1164  1171  1261  1387
              1441  1565  1621  1711  1801  1891  1981  2071
              2161  2251  2341  2431  2521  2611  2701  2825
iipe( 73) =     77    90    90    90    90    90    57     0
                 0     0     0    39     7    90    46    54
                37    56    90    90    90    90    90    90
                90    90    90    90    90    90    87    53
ispt( 74) =      1    91   181   271   361   451   541     0
                 0     0     0  1012     0  1182  1261  1407
              1441  1568  1621  1711  1801  1891  1981  2071
              2161  2251  2341  2431  2521  2611  2701  2818
iipe( 74) =     90    90    90    90    90    90    51     0
                 0     0     0    35     0    79    44    34
                28    53    90    90    90    90    90    90
                90    90    90    90    90    90    59    63
ispt( 75) =      1    91   181   271   361   451   541     0
                 0     0     0  1003  1133  1175  1261  1424
              1441  1616  1621  1711  1801  1891  1981  2071
              2161  2251  2341  2431  2521  2611  2701  2817
iipe( 75) =     90    90    90    90    90    90    58     0
                 0     0     0    32    24    86    41    17
                16     5    90    90    90    90    90    90
                90    90    90    90    90    90    57    64
ispt( 76) =      1    91   181   271   361   451   541     0
                 0     0     0   994  1121  1171  1261     0
                 0     0  1658  1711  1801  1891  1981  2071
              2161  2251  2341  2431  2521  2611  2701  2817
iipe( 76) =     90    90    90    90    90    90    66     0
                 0     0     0    36    50    90     7     0
                 0     0    53    90    90    90    90    90
                90    90    90    90    90    90    47    64
ispt( 77) =      1    91   181   271   361   451   541     0
                 0     0   988   991  1111  1171     0     0
                 0     0  1677  1711  1801  1891  1981  2071
              2161  2251  2341  2431  2521  2611  2701  2820
iipe( 77) =     90    90    90    90    90    90    86     0
                 0     0     3    27    60    83     0     0
                 0     0    34    90    90    90    90    90
                90    90    90    90    90    90    31    61
ispt( 78) =      1    91   181   271   361   451   541   631
                 0     0   979   991  1103  1171     0     0
                 0     0  1684  1711  1801  1891  1981  2071
              2161  2251  2341  2431  2521  2611  2701  2820
iipe( 78) =     90    90    90    90    90    90    90    13
                 0     0    12    15    68     3     0     0
                 0     0    27    90    90    90    90    90
                90    90    90    90    90    90    20    61
ispt( 79) =      1    91   181   271   361   451   541   631
                 0   842   922   991  1103     0     0     0
                 0     0  1687  1711  1801  1891  1981  2071
              2161  2251  2341  2431  2521  2611  2701  2834
iipe( 79) =     90    90    90    90    90    90    90    14
                 0    41    69     9    26     0     0     0
                 0     0    24    90    90    90    90    90
                90    90    90    90    90    90     5    47
ispt( 80) =      1    91   181   271   361   451   541   631
               808   811   901   991     0     0     0     0
                 0     0  1688  1711  1801  1891  1981  2071
              2161  2251  2341  2431  2521  2611     0  2877
iipe( 80) =     90    90    90    90    90    90    90    30
                 3    90    90    11     0     0     0     0
                 0     0    23    90    90    90    90    90
                90    90    90    90    90    90     0     4
ispt( 81) =     71    91   181   271   361   451   541   631
               800   811   901   991     0     0     0     0
                 0     0  1679  1711  1801  1891  1981  2071
              2161  2251  2341  2431  2521  2611     0     0
iipe( 81) =     20    90    90    90    90    90    90    80
                11    90    90    17     0     0     0     0
                 0     0    32    90    90    90    90    90
                90    90    90    90    90    56     0     0
ispt( 82) =     85    91   181   271   361   451   541   631
               721   811   901   991     0     0     0     0
                 0     0  1675  1711  1801  1891  1981  2071
              2161  2251  2341  2431  2521  2611     0     0
iipe( 82) =      6    90    90    90    90    90    90    90
                90    90    90    17     0     0     0     0
                 0     0    36    90    90    90    90    90
                90    90    90    90    90    49     0     0
ispt( 83) =      0    99   181   271   361   451   541   631
               721   811   901   991     0     0     0     0
                 0     0  1675  1711  1801  1891  1981  2071
              2161  2251  2341  2431  2521  2611     0     0
iipe( 83) =      0    82    90    90    90    90    90    90
                90    90    90    18     0     0     0     0
                 0     0    36    90    90    90    90    90
                90    90    90    90    90    24     0     0
ispt( 84) =      0   112   181   271   361   451   541   631
               721   811   901     0     0     0     0     0
                 0     0  1675  1711  1801  1891  1981  2071
              2161  2251  2341  2431  2521  2611     0     0
iipe( 84) =      0    69    90    90    90    90    90    90
                90    90    36     0     0     0     0     0
                 0     0    36    90    90    90    90    90
                90    90    90    90    90    15     0     0
ispt( 85) =      0   111   181   271   361   451   541   631
               721   811   901     0     0     0     0     0
                 0     0  1664  1711  1801  1891  1981  2071
              2161  2251  2341  2431  2521  2611     0     0
iipe( 85) =      0    70    90    90    90    90    90    90
                90    90    51     0     0     0     0     0
                 0     0    47    90    90    90    90    90
                90    90    90    90    90     8     0     0
ispt( 86) =      0   106   181   271   361   451   541   631
               734   811   906   991     0     0     0     0
                 0     0  1664  1711  1801  1891  1981  2071
              2161  2251  2341  2431  2521     0     0     0
iipe( 86) =      0    75    90    90    90    90    90    23
                77    64    85    55     0     0     0     0
                 0     0    47    90    90    90    90    90
                90    90    90    90    90     0     0     0
ispt( 87) =      0   110   181   271   361   451   541   631
               743   814   935   991     0     0     0     0
                 0     0  1679  1716  1801  1891  1981  2071
              2161  2251  2341  2431  2521     0     0     0
iipe( 87) =      0    71    90    90    90    90    90    82
                65    54    56    58     0     0     0     0
                 0     0    27    85    90    90    90    90
                90    90    90    90    84     0     0     0
ispt( 88) =      0   130   181   271   361   451   541   631
               784   811   938   991     0     0     0     0
                 0     0  1693  1764  1801  1891  1981  2071
              2161  2251  2341  2431  2521     0     0     0
iipe( 88) =      0    51    90    90    90    90    90    82
                27    31    53    57     0     0     0     0
                 0     0    10    37    90    90    90    90
                90    90    90    90    81     0     0     0
ispt( 89) =      0   131   181   271   361   451   541   631
                 0   811   942   991     0     0     0     0
                 0     0     0  1778  1801  1891  1981  2071
              2161  2251  2341  2431  2521     0     0     0
iipe( 89) =      0    50    90    90    90    90    90    82
                 0    22    49    40     0     0     0     0
                 0     0     0    23    90    90    90    90
                90    90    90    90    79     0     0     0
ispt( 90) =      0   154   181   271   361   451   541   631
                 0     0   949   991     0     0     0     0
                 0     0     0     0  1817  1891  1981  2071
              2161  2251  2341  2431  2521     0     0     0
iipe( 90) =      0    27    90    90    90    90    90    79
                 0     0    42    27     0     0     0     0
                 0     0     0     0    74    90    90    90
                90    90    90    90    77     0     0     0
ispt( 91) =      0   159   181   271   361   451   541   631
               721     0   988   991     0     0     0     0
                 0     0     0     0  1831  1891  1981  2071
              2161  2251  2341  2431  2521     0     0     0
iipe( 91) =      0    22    90    90    90    90    90    90
                11     0     3    31     0     0     0     0
                 0     0     0     0    60    90    90    90
                90    90    90    90    77     0     0     0
ispt( 92) =      0   162   181   271   361   451   541   631
               721     0     0  1013     0     0     0     0
                 0     0     0     0  1842  1891  1981  2071
              2161  2251  2341  2431  2521     0     0     0
iipe( 92) =      0    19    90    90    90    90    90    90
                25     0     0     9     0     0     0     0
                 0     0     0     0    49    90    90    90
                90    90    90    90    76     0     0     0
ispt( 93) =      0   167   181   271   361   451   541   631
               727     0     0     0     0     0     0     0
                 0     0     0     0  1853  1891  1981  2071
              2161  2251  2341  2431  2521     0     0     0
iipe( 93) =      0    14    90    90    90    90    90    69
                36     0     0     0     0     0     0     0
                 0     0     0     0    38    90    90    90
                90    90    90    90    75     0     0     0
ispt( 94) =      0     0   195   271   361   451   541   631
               721     0     0     0     0     0     0     0
                 0     0     0     0  1862  1891  1981  2071
              2161  2251  2341  2431  2521     0     0     0
iipe( 94) =      0     0    76    90    90    90    90    90
                54     0     0     0     0     0     0     0
                 0     0     0     0    29    90    90    90
                90    90    90    90    72     0     0     0
ispt( 95) =      0     0   220   271   361   451   541   631
               721   811     0     0     0     0     0     0
                 0     0     0     0  1867  1891  1981  2071
              2161  2251  2341  2431  2521     0     0     0
iipe( 95) =      0     0    51    90    90    90    90    90
                90    25     0     0     0     0     0     0
                 0     0     0     0    24    90    90    90
                90    90    90    90    75     0     0     0
ispt( 96) =      0     0   217   271   361   451   541   631
               721   811     0     0     0     0     0     0
                 0     0     0     0  1871  1891  1981  2071
              2161  2251  2341  2431  2521     0     0     0
iipe( 96) =      0     0    54    90    90    90    90    90
                90    55     0     0     0     0     0     0
                 0     0     0     0    20    90    90    90
                90    90    90    90    80     0     0     0
ispt( 97) =      0     0   217   271   361   451   541   631
               721   811     0     0     0     0     0     0
                 0     0     0     0  1878  1891  1981  2071
              2161  2251  2341  2431  2521     0     0     0
iipe( 97) =      0     0    54    90    90    90    90    90
                90    60     0     0     0     0     0     0
                 0     0     0     0    13    90    90    90
                90    90    90    90    75     0     0     0
ispt( 98) =      0     0   213   271   361   451   541   631
               721   811     0     0     0     0     0     0
                 0     0     0     0  1854  1891  1981  2071
              2161  2251  2341  2431  2521     0     0     0
iipe( 98) =      0     0    58    90    90    90    90    90
                90    57     0     0     0     0     0     0
                 0     0     0     0    37    90    90    90
                90    90    90    90    61     0     0     0
ispt( 99) =      0   170   181   271   361   451   541   631
               721   832     0     0     0     0     0     0
                 0     0     0     0  1852  1891  1981  2071
              2161  2251  2341  2431  2521     0     0     0
iipe( 99) =      0    11    90    90    90    90    90    90
                81    55     0     0     0     0     0     0
                 0     0     0     0    39    90    90    90
                90    90    90    90    26     0     0     0
ispt(100) =      0   175   181   271   361   451   541   631
               721   832     0     0     0     0     0     0
                 0     0     0     0  1846  1891  1981  2071
              2161  2251  2341  2431  2521     0     0     0
iipe(100) =      0     6    90    90    90    90    90    90
                75    54     0     0     0     0     0     0
                 0     0     0     0    45    90    90    90
                90    90    90    90    16     0     0     0
ispt(101) =      0     0   184   283   361   451   541   631
               721   834     0     0     0     0     0     0
                 0     0     0     0  1846  1891  1981  2071
              2161  2251  2341  2431  2521     0     0     0
iipe(101) =      0     0    76    78    90    90    90    90
                38    64     0     0     0     0     0     0
                 0     0     0     0    45    90    90    90
                90    90    90    90     5     0     0     0
ispt(102) =      0     0   191   315   361   451   541   631
               721   827   901     0     0     0     0     0
                 0     0     0     0  1871  1891  1981  2110
              2161  2251  2341  2431     0     0     0     0
iipe(102) =      0     0    56    46    90    90    90    90
                36    74    11     0     0     0     0     0
                 0     0     0     0    20    90    82    51
                90    90    90    80     0     0     0     0
ispt(103) =      0     0   214   311   361   451   541   631
               721   826   901     0     0     0     0     0
                 0     0     0     0     0  1891  2003  2071
              2161  2251  2341  2431     0     0     0     0
iipe(103) =      0     0    21    50    90    90    90    90
                49    75    12     0     0     0     0     0
                 0     0     0     0     0    78    68    90
                90    90    90    61     0     0     0     0
ispt(104) =      0     0     0   310   361   451   541   631
               721   826     0     0     0     0     0     0
                 0     0     0     0     0     0  2023  2071
              2161  2251  2341  2431     0     0     0     0
iipe(104) =      0     0     0    51    90    90    90    90
                60    28     0     0     0     0     0     0
                 0     0     0     0     0     0    48    90
                90    90    90    48     0     0     0     0
ispt(105) =      0     0     0   310   361   451   541   631
               721   832     0     0     0     0     0     0
                 0     0     0     0     0     0     0  2145
              2161  2251  2403  2452     0     0     0     0
iipe(105) =      0     0     0    51    90    90    90    90
                67    25     0     0     0     0     0     0
                 0     0     0     0     0     0     0    16
                90    24    18    14     0     0     0     0
ispt(106) =      0     0     0   307   361   451   541   637
               721   840     0     0     0     0     0     0
                 0     0     0     0     0     0     0     0
              2161  2251     0     0     0     0     0     0
iipe(106) =      0     0     0    54    90    90    56    84
                71    21     0     0     0     0     0     0
                 0     0     0     0     0     0     0     0
                90    21     0     0     0     0     0     0
ispt(107) =      0     0     0   305   361   454   541   631
               721   840     0     0     0     0     0     0
                 0     0     0     0     0     0     0     0
              2161  2251     0     0     0     0     0     0
iipe(107) =      0     0     0    56    78    87    90    90
                73    25     0     0     0     0     0     0
                 0     0     0     0     0     0     0     0
                90    12     0     0     0     0     0     0
ispt(108) =      0     0     0   306   361   465   541   631
               721   843   915     0     0     0     0     0
                 0     0     0     0     0     0     0     0
              2171  2251     0     0     0     0     0     0
iipe(108) =      0     0     0    55    77    76    90    90
                79    20    25     0     0     0     0     0
                 0     0     0     0     0     0     0     0
                80    12     0     0     0     0     0     0
ispt(109) =      0     0     0   304   361   480   541   631
               721     0   901     0     0     0     0     0
                 0     0     0     0     0     0     0  2107
              2161     0     0     0     0     0     0     0
iipe(109) =      0     0     0    57    66    61    90    90
                85     0    45     0     0     0     0     0
                 0     0     0     0     0     0     0    54
                85     0     0     0     0     0     0     0
ispt(110) =      0     0     0   312   361   493   541   631
               721   811   901     0     0     0     0     0
                 0     0     0     0     0     0     0  2071
              2161     0     0     0     0     0     0     0
iipe(110) =      0     0     0    49    69    48    90    90
                90    90    45     0     0     0     0     0
                 0     0     0     0     0     0     0    90
                83     0     0     0     0     0     0     0
ispt(111) =      0     0     0   316   361     0   546   631
               721   811   926     0     0     0     0     0
                 0     0     0     0     0     0  2064  2071
              2161  2251     0     0     0     0     0     0
iipe(111) =      0     0     0    45    70     0    85    90
                90    19    20     0     0     0     0     0
                 0     0     0     0     0     0     7    90
                90     3     0     0     0     0     0     0
ispt(112) =      0     0     0   318   361     0   597   631
               721   811   901     0     0     0     0     0
                 0     0     0     0     0     0  2048  2071
              2161  2251     0     0     0     0     0     0
iipe(112) =      0     0     0    43    75     0    34    90
                90    90    52     0     0     0     0     0
                 0     0     0     0     0     0    23    90
                90    43     0     0     0     0     0     0
ispt(113) =      0     0     0   323   361     0   600   631
               721   811   901     0     0     0     0     0
                 0     0     0     0     0     0  2035  2071
              2161  2251  2341     0     0     0     0     0
iipe(113) =      0     0     0    38    83     0    31    90
                90    90    62     0     0     0     0     0
                 0     0     0     0     0     0    36    90
                90    90     4     0     0     0     0     0
ispt(114) =      0     0     0   293   361     0   611   631
               721   811   901     0     0     0     0     0
                 0     0     0     0     0     0  2030  2071
              2161  2251  2341     0     0     0     0     0
iipe(114) =      0     0     0    68    90     0    20    90
                90    90    62     0     0     0     0     0
                 0     0     0     0     0     0    41    90
                90    90    30     0     0     0     0     0
ispt(115) =      0     0     0   292   361   451   611   631
               721   811   901     0     0     0     0     0
                 0     0     0     0     0     0  1987  2071
              2161  2251  2341     0     0     0     0     0
iipe(115) =      0     0     0    69    90    32    20    90
                90    90    63     0     0     0     0     0
                 0     0     0     0     0     0    84    90
                90    90    37     0     0     0     0     0
ispt(116) =      0     0     0   293   361   451     0   645
               721   811   901     0     0     0     0     0
                 0     0     0     0     0  1951  1981  2071
              2161  2251  2341     0     0     0     0     0
iipe(116) =      0     0     0    68    90    49     0    76
                90    90    80     0     0     0     0     0
                 0     0     0     0     0    30    90    90
                90    90    49     0     0     0     0     0
ispt(117) =      0   139     0   303   361   451     0   648
               721   811   901     0     0     0     0     0
                 0     0     0     0     0  1950  1981  2071
              2161  2251  2341     0     0     0     0     0
iipe(117) =      0    29     0    58    90    55     0    73
                90    90    84     0     0     0     0     0
                 0     0     0     0     0    31    90    90
                90    90    71     0     0     0     0     0
ispt(118) =      0   139   181   314   361   451     0   650
               721   811   901   991     0     0     0     0
                 0     0     0     0     0  1951  1981  2071
              2161  2251  2341     0     0     0     0     0
iipe(118) =      0    42    55    47    90    59     0    71
                90    90    90     4     0     0     0     0
                 0     0     0     0     0    30    90    90
                90    90    85     0     0     0     0     0
ispt(119) =      0   144   181   314   361   451     0   657
               721   811   901   991     0     0     0     0
                 0     0     0     0     0  1966  1981  2071
              2161  2251  2341  2431     0     0     0     0
iipe(119) =      0    37    68    47    90    68     0    64
                90    90    90     3     0     0     0     0
                 0     0     0     0     0    15    90    90
                90    90    90    33     0     0     0     0
ispt(120) =      0   146   181   318   423   451     0   668
               721   811   901   991     0     0     0     0
                 0     0     0     0     0  1945  1981  2071
              2161  2251  2341  2431     0     0     0     0
iipe(120) =      0    35    73    32    28    83     0    53
                90    90    90    30     0     0     0     0
                 0     0     0     0     0    36    90    90
                90    90    90    39     0     0     0     0
ispt(121) =      0   152   181   271   364   451   541   663
               721   811   901   991     0     0     0     0
                 0     0     0     0     0  1944  1981  2071
              2161  2251  2341  2431     0     0     0     0
iipe(121) =      0    29    90    81    87    90     3    58
                90    90    90    30     0     0     0     0
                 0     0     0     0     0    37    90    90
                90    90    90    49     0     0     0     0
ispt(122) =      0   171   181   271   361   451   541   655
               721   811   901  1001     0     0     0     0
                 0     0     0     0     0  1937  1981  2071
              2161  2251  2341  2431     0     0     0     0
iipe(122) =      0    10    90    90    90    90     3    66
                90    90    84    47     0     0     0     0
                 0     0     0     0     0    44    90    90
                90    90    90    49     0     0     0     0
ispt(123) =      0     0   185   271   361   451   541   631
               721   811   901   991     0     0     0     0
                 0     0     0     0     0  1921  1981  2071
              2161  2251  2341  2454     0     0     0     0
iipe(123) =      0     0    86    90    90    90    90    90
                90    90    90    55     0     0     0     0
                 0     0     0     0     0    60    90    90
                90    90    81    33     0     0     0     0
ispt(124) =      0     0   184   271   361   455   541   631
               721   811   901   991     0     0     0     0
                 0     0     0     0     0  1919  1981  2071
              2161  2251  2341  2431     0     0     0     0
iipe(124) =      0     0    87    90    72    86    90    90
                90    90    90    46     0     0     0     0
                 0     0     0     0     0    62    90    90
                90    90    90    59     0     0     0     0
ispt(125) =      0     0   184   271   361   451   541   631
               721   811   901   991     0     0     0     0
                 0     0     0     0     0  1968  1981  2071
              2161  2251  2341  2431     0  2611     0     0
iipe(125) =      0     0    87    90    90    90    90    90
                90    90    90     9     0     0     0     0
                 0     0     0     0     0    13    90    90
                90    90    90    62     0    30     0     0
ispt(126) =      0     0   189   271   361   451   541   631
               721   811   901   991     0     0     0     0
                 0     0     0     0     0  1956  1981  2071
              2161  2251  2341  2431  2592  2611     0     0
iipe(126) =      0     0    82    90    90    90    90    90
                90    90    90    15     0     0     0     0
                 0     0     0     0     0    25    90    90
                90    90    90    71    19    60     0     0
ispt(127) =      0     0   193   271   361   451   541   631
               721   811   901   991     0     0     0     0
                 0     0     0     0     0  1951  1981  2071
              2161  2251  2341  2431  2575  2611     0     0
iipe(127) =      0     0    78    90    90    90    90    90
                90    90    90    12     0     0     0     0
                 0     0     0     0     0    30    90    90
                90    90    90    70    36    61     0     0
ispt(128) =      0     0   181   271   361   451   541   631
               721   811   901     0     0     0     0     0
                 0     0     0     0     0  1891  1981  2071
              2161  2251  2341  2431  2521  2611     0     0
iipe(128) =      0     0    90    90    90    90    90    90
                90    90    90     0     0     0     0     0
                 0     0     0     0     0    90    90    90
                90    90    90    90    90    90     0     0
 
jspt(  1) =      1    17    33    49    65    81    98   115
               132   149   166   183   200   217   234   251
               268   285   302   319   336   353   370   387
               404   421   438   455   472   489   506   523
               540   557   574   591   608   625   642   659
               676   693   710   727   744   761   778   795
               812   829   846   863   880   897   914   931
               948   965   982   999  1016  1033  1050  1067
              1084  1101  1118  1135  1152  1169  1186  1203
              1220  1237  1254  1271  1288  1305  1322  1339
              1356  1373  1390  1407  1424  1441  1458  1475
              1492  1509  1526  1543  1560  1577  1594  1611
              1628  1645  1662  1679  1696  1713  1730  1747
              1764  1781  1798  1815  1832  1849  1866  1883
              1900  1917  1934  1951  1968  1985  2002  2019
              2036  2053  2070  2086  2102  2118  2134  2150
jjpe(  1) =     16    16    16    16    16    17    17    17
                17    17    17    17    17    17    17    17
                17    17    17    17    17    17    17    17
                17    17    17    17    17    17    17    17
                17    17    17    17    17    17    17    17
                17    17    17    17    17    17    17    17
                17    17    17    17    17    17    17    17
                17    17    17    17    17    17    17    17
                17    17    17    17    17    17    17    17
                17    17    17    17    17    17    17    17
                17    17    17    17    17    17    17    17
                17    17    17    17    17    17    17    17
                17    17    17    17    17    17    17    17
                17    17    17    17    17    17    17    17
                17    17    17    17    17    17    17    17
                17    17    16    16    16    16    16    16
