  npes   npe   mpe   idm   jdm  ibig  jbig  nreg  minsea  maxsea  avesea
   159     4    44  1440  1317   360    30     2      49   10800    6543

ispt(  1) =     20     0     0     0
iipe(  1) =     52     0     0     0
ispt(  2) =      1     0     0  1412
iipe(  2) =    132     0     0    29
ispt(  3) =      1     0     0  1340
iipe(  3) =    174     0     0   101
ispt(  4) =      1     0     0  1334
iipe(  4) =    229     0     0   107
ispt(  5) =      1     0     0  1336
iipe(  5) =    255     0     0   105
ispt(  6) =      1     0     0  1255
iipe(  6) =    278     0     0   186
ispt(  7) =      1     0     0  1257
iipe(  7) =    332     0     0   184
ispt(  8) =     43     0   961  1271
iipe(  8) =    290     0    25   153
ispt(  9) =     68     0   951  1279
iipe(  9) =    286     0   110   127
ispt( 10) =      1   361   948  1092
iipe( 10) =    360    36   118   349
ispt( 11) =      1   361   949  1081
iipe( 11) =    360   132   132   360
ispt( 12) =      1   361   962  1081
iipe( 12) =    360   174   119   360
ispt( 13) =      1   361   962  1081
iipe( 13) =    360   211   119   360
ispt( 14) =      1   361   962  1081
iipe( 14) =    360   341   119   360
ispt( 15) =      1   361   721  1081
iipe( 15) =    360   360   360   360
ispt( 16) =      1   361   721  1081
iipe( 16) =    360   360   360   360
ispt( 17) =      1   361   721  1081
iipe( 17) =    360   360   360   360
ispt( 18) =      1   361   721  1081
iipe( 18) =    360   360   360   360
ispt( 19) =      1   361   721  1081
iipe( 19) =    360   360   360   360
ispt( 20) =      1   361   721  1081
iipe( 20) =    360   360   360   360
ispt( 21) =      1   361   721  1081
iipe( 21) =    360   360   360   360
ispt( 22) =      1   361   721  1081
iipe( 22) =    360   360   360   360
ispt( 23) =      1   361   721  1081
iipe( 23) =    360   360   360   360
ispt( 24) =      1   361   721  1081
iipe( 24) =    360   360   360   360
ispt( 25) =      1   361   721  1081
iipe( 25) =    360   360   360   360
ispt( 26) =      1   361   721  1081
iipe( 26) =    360   360   360   360
ispt( 27) =      1   509   721  1081
iipe( 27) =    295   212   360   360
ispt( 28) =      1   518   721  1081
iipe( 28) =    291   203   360   360
ispt( 29) =      1   382   721  1081
iipe( 29) =    304   339   360   360
ispt( 30) =      1   361   721  1081
iipe( 30) =    360   360   360   360
ispt( 31) =     18   361   721  1081
iipe( 31) =    343   360   360   307
ispt( 32) =     93   361   779  1081
iipe( 32) =    268   271   302   288
ispt( 33) =    122   361   787  1081
iipe( 33) =    239   194   294   280
ispt( 34) =    126   361   787  1081
iipe( 34) =    235   193   294   268
ispt( 35) =    168   361   792  1081
iipe( 35) =    193   161   289   269
ispt( 36) =    172   377   798  1081
iipe( 36) =    178    45   283   273
ispt( 37) =    154   361   836  1081
iipe( 37) =    207   173   245   275
ispt( 38) =    155   361   929  1081
iipe( 38) =    206   183   152   272
ispt( 39) =    205   361   927  1081
iipe( 39) =    156   192   154   245
ispt( 40) =    210   386   931  1081
iipe( 40) =    144   166   150   223
ispt( 41) =    217   361  1037  1081
iipe( 41) =    144   210    44    69
ispt( 42) =    168   361  1019  1081
iipe( 42) =    193   173    62   118
ispt( 43) =    166   361  1007  1081
iipe( 43) =    195   104    74   150
ispt( 44) =      1   361   721  1081
iipe( 44) =    360   360   360   360
 
jspt(  1) =      1    30    60    90   120   150   180   210
               240   270   300   330   360   390   420   450
               480   510   540   570   600   630   660   690
               720   750   780   810   840   870   900   930
               960   990  1020  1050  1080  1110  1140  1170
              1200  1230  1260  1289
jjpe(  1) =     29    30    30    30    30    30    30    30
                30    30    30    30    30    30    30    30
                30    30    30    30    30    30    30    30
                30    30    30    30    30    30    30    30
                30    30    30    30    30    30    30    30
                30    30    29    29
