  npes   npe   mpe   idm   jdm  ibig  jbig  nreg  minsea  maxsea  avesea
  1090    40    40  1440  1317    36    33     2       0    1188     954

ispt(  1) =     14    37    73     0     0     0     0     0
                 0     0     0     0     0     0     0     0
                 0     0     0     0     0     0     0     0
                 0     0     0     0     0     0     0     0
                 0     0     0     0     0     0     0     0
iipe(  1) =     23    36    13     0     0     0     0     0
                 0     0     0     0     0     0     0     0
                 0     0     0     0     0     0     0     0
                 0     0     0     0     0     0     0     0
                 0     0     0     0     0     0     0     0
ispt(  2) =      1    37    73   109     0     0     0     0
                 0     0     0     0     0     0     0     0
                 0     0     0     0     0     0     0     0
                 0     0     0     0     0     0     0     0
                 0     0     0     0     0     0  1402  1405
iipe(  2) =     36    36    36    33     0     0     0     0
                 0     0     0     0     0     0     0     0
                 0     0     0     0     0     0     0     0
                 0     0     0     0     0     0     0     0
                 0     0     0     0     0     0     3    36
ispt(  3) =      1    37    73   109   145   181     0     0
                 0     0     0     0     0     0     0     0
                 0     0     0     0     0     0     0     0
                 0     0     0     0     0     0     0     0
                 0     0     0     0     0  1333  1369  1405
iipe(  3) =     36    36    36    36    36     3     0     0
                 0     0     0     0     0     0     0     0
                 0     0     0     0     0     0     0     0
                 0     0     0     0     0     0     0     0
                 0     0     0     0     0    36    36    36
ispt(  4) =      1    37    73   109   145   181   217     0
                 0     0     0     0     0     0     0     0
                 0     0     0     0     0     0     0     0
                 0     0     0     0     0     0     0     0
                 0     0     0     0     0  1333  1369  1405
iipe(  4) =     36    36    36    36    36    36    26     0
                 0     0     0     0     0     0     0     0
                 0     0     0     0     0     0     0     0
                 0     0     0     0     0     0     0     0
                 0     0     0     0     0    36    36    36
ispt(  5) =      1    37    73   109   145   181   217   253
                 0     0     0     0     0     0     0     0
                 0     0     0     0     0     0     0     0
                 0     0     0     0     0     0     0     0
                 0     0     0     0     0  1336  1369  1405
iipe(  5) =     36    36    36    36    36    36    36    15
                 0     0     0     0     0     0     0     0
                 0     0     0     0     0     0     0     0
                 0     0     0     0     0     0     0     0
                 0     0     0     0     0    33    36    36
ispt(  6) =      1    37    73   109   145   181   217   253
               289   325     0     0     0     0     0     0
                 0     0     0     0     0     0     0     0
                 0     0     0     0     0     0     0     0
                 0     0  1255  1261  1297  1333  1369  1405
iipe(  6) =     36    36    36    36    36    36    36    36
                36     8     0     0     0     0     0     0
                 0     0     0     0     0     0     0     0
                 0     0     0     0     0     0     0     0
                 0     0     6    36    36    36    36    36
ispt(  7) =     34    37    73   109   145   181   217   253
               289   325     0     0     0     0     0     0
                 0     0     0     0     0     0     0     0
                 0     0   966   973     0     0     0     0
                 0     0     0  1271  1297  1333  1369  1405
iipe(  7) =      3    36    36    36    36    36    36    36
                36     8     0     0     0     0     0     0
                 0     0     0     0     0     0     0     0
                 0     0     7     7     0     0     0     0
                 0     0     0    26    36    36    36    19
ispt(  8) =      0    68    73   109   145   181   217   253
               289   325     0     0     0     0     0     0
                 0     0     0     0     0     0     0     0
                 0     0   952   973  1019  1045     0     0
                 0     0     0  1279  1297  1333  1369  1405
iipe(  8) =      0     5    36    36    36    36    36    36
                36    27     0     0     0     0     0     0
                 0     0     0     0     0     0     0     0
                 0     0    21    17    26    16     0     0
                 0     0     0    18    36    36    36     8
ispt(  9) =      0    67    73   109   145   181   217   253
               289   325   361     0     0     0     0     0
                 0     0     0     0     0     0     0     0
                 0     0   948   973  1009  1045  1093     0
                 0  1189  1225  1280  1297  1333  1369  1405
iipe(  9) =      0     6    36    36    36    36    36    36
                36    36    22     0     0     0     0     0
                 0     0     0     0     0     0     0     0
                 0     0    25    36    36    21    17     0
                 0    36    19    17    36    36    36    31
ispt( 10) =      1    53    73   109   145   181   217   253
               289   325   361   397   433   479     0     0
                 0     0     0     0     0     0     0     0
                 0     0   948   973  1009  1045  1081  1117
              1153  1189  1225  1261  1297  1333  1369  1405
iipe( 10) =     33    20    36    36    36    36    36    36
                36    36    36    36    10    14     0     0
                 0     0     0     0     0     0     0     0
                 0     0    25    36    36    36    36    36
                36    36    36    36    36    36    36    36
ispt( 11) =      1    37    73   109   145   181   217   253
               289   325   361   397   433   469   505     0
                 0     0     0     0     0     0     0     0
                 0     0   962   973  1009  1045  1081  1117
              1153  1189  1225  1261  1297  1333  1369  1405
iipe( 11) =     36    36    36    36    36    36    36    36
                36    36    36    36    36    36    30     0
                 0     0     0     0     0     0     0     0
                 0     0    11    36    36    36    36    36
                36    36    36    36    36    36    36    36
ispt( 12) =      1    37    73   109   145   181   217   253
               289   325   361   397   433   469   505   541
               577     0     0     0     0     0     0     0
                 0     0   962   973  1009  1045  1081  1117
              1153  1189  1225  1261  1297  1333  1369  1405
iipe( 12) =     36    36    36    36    36    36    36    36
                36    36    36    36    36    36    36    36
                 3     0     0     0     0     0     0     0
                 0     0    11    36    36    36    36    36
                36    36    36    36    36    36    36    36
ispt( 13) =      1    37    73   109   145   181   217   253
               289   325   361   397   433   469   505   541
               577   613   649   685     0     0     0     0
                 0     0   949   973  1009  1045  1081  1117
              1153  1189  1225  1261  1297  1333  1369  1405
iipe( 13) =     36    36    36    36    36    36    36    36
                36    36    36    36    36    36    36    36
                36    36    36    28     0     0     0     0
                 0     0    24    36    36    36    36    36
                36    36    36    36    36    36    36    36
ispt( 14) =      1    37    73   109   145   181   217   253
               289   325   361   397   433   469   505   541
               577   613   649   685   721   757   793   829
               865   901   937   973  1009  1045  1081  1117
              1153  1189  1225  1261  1297  1333  1369  1405
iipe( 14) =     36    36    36    36    36    36    36    36
                36    36    36    36    36    36    36    36
                36    36    36    36    36    36    36    36
                36    36    36    36    36    36    36    36
                36    36    36    36    36    36    36    36
ispt( 15) =      1    37    73   109   145   181   217   253
               289   325   361   397   433   469   505   541
               577   613   649   685   721   757   793   829
               865   901   937   973  1009  1045  1081  1117
              1153  1189  1225  1261  1297  1333  1369  1405
iipe( 15) =     36    36    36    36    36    36    36    36
                36    36    36    36    36    36    36    36
                36    36    36    36    36    36    36    36
                36    36    36    36    36    36    36    36
                36    36    36    36    36    36    36    36
ispt( 16) =      1    37    73   109   145   181   217   253
               289   325   361   397   433   469   505   541
               577   613   649   685   721   757   793   829
               865   901   937   973  1009  1045  1081  1117
              1153  1189  1225  1261  1297  1333  1369  1405
iipe( 16) =     36    36    36    36    36    36    36    36
                36    36    36    36    36    36    36    36
                36    36    36    36    36    36    36    36
                36    36    36    36    36    36    36    36
                36    36    36    36    36    36    36    36
ispt( 17) =      1    37    73   115   145   181   217   253
               289   325   361   397   433   469   505   541
               577   613   649   685   721   757   793   829
               865   901   937   973  1009  1045  1081  1117
              1153  1189  1225  1261  1297  1333  1369  1405
iipe( 17) =     36    36    15    30    36    36    36    36
                36    36    36    36    36    36    36    36
                36    36    36    36    36    36    36    36
                36    36    36    36    36    36    36    36
                36    36    36    36    36    36    36    36
ispt( 18) =      1    37    73   124   145   181   217   253
               289   325   361   397   433   469   505   541
               577   613   649   685   721   757     0   829
               865   907   951   973  1009  1045  1081  1117
              1153  1189  1225  1261  1297  1333  1369  1405
iipe( 18) =     36    36    23    21    36    36    36    36
                36    36    36    36    36    36    36    36
                36    36    36    36    36    26     0    36
                27    11    22    36    36    36    36    36
                36    36    36    36    36    36    36    36
ispt( 19) =      1    37    73   135   145   181   217   253
               289   325   361   397   447   469   505   541
               577   613   649   685   721   757   793     0
               896   901   937   973  1009  1045  1081  1117
              1153  1189  1225  1261  1297  1333  1369  1405
iipe( 19) =     36    36    27    10    36    36    36    36
                36    36    36    22    22    36    36    36
                36    36    36    36    36    36    30     0
                 5    36    36    36    36    36    36    36
                36    36    36    36    36    36    36    36
ispt( 20) =      1    37    73   142   145   190   217   253
               289   325   361   397     0   473   505   541
               577   613   649   685   721   757   793   829
               865   901   937   973  1009  1045  1081  1117
              1153  1189  1225  1261  1297  1333  1369  1405
iipe( 20) =     36    36    29     3    13    27    36    36
                36    36    36     7     0    32    36    36
                36    36    36    36    36    36    36    36
                36    36    36    36    36    36    36    36
                36    36    36    36    36    36    36    36
ispt( 21) =      1    37    73     0     0     0   223   253
               289   325   361     0     0   479   505   541
               577   613   649   685   721   757   793   829
               865   901   937   973  1009  1045  1081  1117
              1153  1189  1225  1261  1297  1333  1369  1405
iipe( 21) =     36    36    28     0     0     0    30    36
                36    36    36     0     0    26    36    36
                36    36    36    36    36    36    36    36
                36    36    36    36    36    36    36    36
                36    36    36    36    36    36    36    36
ispt( 22) =      1    37    73   109   145   181   217   253
               289   325   361   397     0   492   505   541
               577   613   649   685   721   757   793   829
               865   901   937   973  1009  1045  1081  1117
              1153  1189  1225  1261  1297  1333  1369  1405
iipe( 22) =     36    36    36    36    36    36    36    36
                36    36    36     3     0    13    36    36
                36    36    36    36    36    36    36    36
                36    36    36    36    36    36    36    36
                36    36    36    36    36    36    36    36
ispt( 23) =      1    37    73   109   145   181   217   253
               289   325   361     0     0   493   505   541
               577   613   649   685   721   757   793   829
               865   901   937   973  1009  1045  1081  1117
              1153  1189  1225  1261  1297  1333  1369  1405
iipe( 23) =     36    36    36    36    36    36    36    36
                36    36    26     0     0    12    36    36
                36    36    36    36    36    36    36    36
                36    36    36    36    36    36    36    36
                36    36    36    36    36    36    36    36
ispt( 24) =      1    37    73   109   145   181   217   253
               289   325   361     0     0     0   509   541
               577   613   649   685   721   757   793   829
               865   901   937   973  1009  1045  1081  1117
              1153  1189  1225  1261  1297  1333  1369  1405
iipe( 24) =     36    36    36    36    36    36    36    36
                36    36    20     0     0     0    32    36
                36    36    36    36    36    36    36    36
                36    36    36    36    36    36    36    36
                36    36    36    36    36    36    36    36
ispt( 25) =      1    37    73   109   145   181   217   253
               289     0     0     0     0     0   509   541
               577   613   649   685   721   757   793   829
               865   901   937   973  1009  1045  1081  1117
              1153  1189  1225  1261  1297  1333  1369  1405
iipe( 25) =     36    36    36    36    36    36    36    36
                 7     0     0     0     0     0    32    36
                36    36    36    36    36    36    36    36
                36    36    36    36    36    36    36    36
                36    36    36    36    36    36    36    36
ispt( 26) =      1    37    73   109   145   181   217   253
               289     0     0   412   433     0   505   541
               577   613   649   685   721   757   793   829
               865   901   937   973  1009  1045  1081  1117
              1153  1189  1225  1261  1297  1333  1369  1405
iipe( 26) =     36    36    36    36    36    36    36    36
                13     0     0    21    11     0    36    36
                36    36    36    36    36    36    36    36
                36    36    36    36    36    36    36    36
                36    36    36    36    36    36    36    36
ispt( 27) =      1    37    73   109   145   181   217   253
               289   325   361   397   433   469   505   541
               577   613   649   685   721   757   793   829
               865   901   937   973  1009  1045  1081  1117
              1153  1189  1225  1261  1297  1333  1369  1405
iipe( 27) =     36    36    36    36    36    36    36    36
                36    36    36    36    36    36    36    36
                36    36    36    36    36    36    36    36
                36    36    36    36    36    36    36    36
                36    36    36    36    36    36    36    36
ispt( 28) =      7    37    73   109   145   181   217   253
               289   325   361   397   433   469   505   541
               577   613   649   685   721   757   793   829
               865   901   937   973  1009  1045  1081  1117
              1153  1189  1225  1261  1297  1333  1369     0
iipe( 28) =     30    36    36    36    36    36    36    36
                36    36    36    36    36    36    36    36
                36    36    36    36    36    36    36    36
                36    36    36    36    36    36    36    36
                36    36    36    36    36    36    25     0
ispt( 29) =      0     0    87   109   145   181   217   253
               289   325   361   397   433   469   505   541
               596   613     0     0   721   779   793   829
               865   901   937   973  1009  1045  1081  1117
              1153  1189  1225  1261  1297  1333  1369     0
iipe( 29) =      0     0    22    36    36    36    36    36
                36    36    36    36    36    36    36    12
                17    24     0     0     3    14    36    36
                36    36    36    36    36    36    36    36
                36    36    36    36    36    36     3     0
ispt( 30) =      0     0     0   121   145   181   217   253
               289   325   361   426   433   469   505   541
                 0     0     0     0     0   785   793   829
               865   901   937   973  1009  1045  1081  1117
              1153  1189  1225  1261  1297  1333     0     0
iipe( 30) =      0     0     0    24    36    36    36    36
                36    36    24     7    36    36    36    14
                 0     0     0     0     0     8    36    36
                36    36    36    36    36    36    36    36
                36    36    36    36    36    29     0     0
ispt( 31) =      0     0     0   126   145   181   217   253
               289   325   361   397     0   475   505   541
                 0     0     0     0     0   787   793   829
               865   901   937   973  1009  1045  1081  1117
              1153  1189  1225  1261  1297  1333     0     0
iipe( 31) =      0     0     0    19    36    36    36    36
                36    36    36    11     0    30    36    13
                 0     0     0     0     0     6    36    36
                36    36    36    36    36    36    36    36
                36    36    36    36    36    16     0     0
ispt( 32) =      0     0     0     0   168   181   217   253
               289   325   361   397     0   483   505     0
                 0     0     0     0     0   790   793   829
               865   901   937   973  1009  1045  1081  1117
              1153  1189  1225  1261  1297  1333     0     0
iipe( 32) =      0     0     0     0    13    36    36    36
                36    36    36    25     0    22    15     0
                 0     0     0     0     0     3    36    36
                36    36    36    36    36    36    36    36
                36    36    36    36    36    17     0     0
ispt( 33) =      0     0     0     0   157   181   217   253
               289   325   379   397     0     0     0     0
                 0     0     0     0     0     0   801   829
               869   901   937   973  1009  1045  1081  1117
              1153  1189  1225  1261  1297  1333     0     0
iipe( 33) =      0     0     0     0    24    36    36    36
                36    28    18    25     0     0     0     0
                 0     0     0     0     0     0    28    15
                32    36    36    36    36    36    36    36
                36    36    36    36    36    23     0     0
ispt( 34) =      0     0     0     0   154   181   217     0
               289   325   361   416   433     0   520     0
                 0     0     0     0     0     0     0     0
                 0   915   937   973  1009  1045  1081  1117
              1153  1189  1225  1261  1297  1333     0     0
iipe( 34) =      0     0     0     0    27    36     9     0
                36    36     4    17    10     0    15     0
                 0     0     0     0     0     0     0     0
                 0    22    36    36    36    36    36    36
                36    36    36    36    36    23     0     0
ispt( 35) =      0     0     0     0     0   189   217     0
               308   325   361   397   433   477   505   541
                 0     0     0     0     0     0     0     0
                 0   929   937   973  1009  1045  1081  1117
              1153  1189  1225  1261  1297  1333     0     0
iipe( 35) =      0     0     0     0     0    28    25     0
                17    36    36    36    24    28    36    12
                 0     0     0     0     0     0     0     0
                 0     8    36    36    36    36    36    36
                36    36    36    36    36     3     0     0
ispt( 36) =      0     0     0     0     0   206   217   253
                 0   328   386   397   433   477   505   541
                 0     0     0     0     0     0     0     0
                 0   927   937   973  1009  1045  1081  1117
              1153  1189  1225  1261  1297     0     0     0
iipe( 36) =      0     0     0     0     0    11    36     3
                 0    28    11    36    25    28    36    12
                 0     0     0     0     0     0     0     0
                 0    10    36    36    36    36    36    36
                36    36    36    36    22     0     0     0
ispt( 37) =      0     0     0     0     0   214   217   253
               293   325   361   397   433   469   505   541
                 0     0     0     0     0     0     0     0
                 0     0     0     0     0  1049  1081  1117
                 0     0  1231  1261     0     0     0     0
iipe( 37) =      0     0     0     0     0     3    36     3
                32    36    36    36    36    36    36    30
                 0     0     0     0     0     0     0     0
                 0     0     0     0     0    32    36    33
                 0     0    30    13     0     0     0     0
ispt( 38) =      0     0     0     0   173   181   217   253
               289   325   361   397   433   469   505     0
                 0     0     0     0     0     0     0     0
                 0     0     0     0  1024  1045  1081  1117
              1153     0     0     0     0     0     0     0
iipe( 38) =      0     0     0     0     8    36    36    36
                36    36    36    36    36    36    30     0
                 0     0     0     0     0     0     0     0
                 0     0     0     0    21    36    36    36
                36     0     0     0     0     0     0     0
ispt( 39) =      0     0     0     0   166   181   217   253
               289   325   361   397   433   469     0     0
                 0     0     0     0     0     0     0     0
                 0     0     0  1006  1009  1045  1081  1117
              1153  1189  1225     0     0     0     0     0
iipe( 39) =      0     0     0     0    15    36    36    36
                36    36    36    36    36     3     0     0
                 0     0     0     0     0     0     0     0
                 0     0     0     3    36    36    36    36
                36    36     6     0     0     0     0     0
ispt( 40) =      0     0     0     0   145   181   217   253
               289   325   361   397   433     0     0     0
                 0     0     0     0     0     0     0     0
                 0     0     0   973  1009  1045  1081  1117
              1153  1189  1225     0     0     0     0     0
iipe( 40) =      0     0     0     0    36    36    36    36
                36    36    36    36    36     0     0     0
                 0     0     0     0     0     0     0     0
                 0     0     0    36    36    36    36    36
                36    36    36     0     0     0     0     0
 
jspt(  1) =      1    33    66    99   132   165   198   231
               264   297   330   363   396   429   462   495
               528   561   594   627   660   693   726   759
               792   825   858   891   924   957   990  1023
              1056  1089  1122  1155  1188  1221  1254  1286
jjpe(  1) =     32    33    33    33    33    33    33    33
                33    33    33    33    33    33    33    33
                33    33    33    33    33    33    33    33
                33    33    33    33    33    33    33    33
                33    33    33    33    33    33    32    32
